   3.0500000e+02   7.0600000e-02
   3.0504167e+02  -1.6600000e-02
   3.0508333e+02  -9.4100000e-02
   3.0512500e+02  -1.5570000e-01
   3.0516667e+02  -1.9830000e-01
   3.0520833e+02  -2.2240000e-01
   3.0525000e+02  -2.3130000e-01
   3.0529167e+02  -2.2970000e-01
   3.0533333e+02  -2.2220000e-01
   3.0537500e+02  -2.1150000e-01
   3.0541667e+02  -1.9790000e-01
   3.0545833e+02  -1.7950000e-01
   3.0550000e+02  -1.5240000e-01
   3.0554167e+02  -1.1280000e-01
   3.0558333e+02  -5.8500000e-02
   3.0562500e+02   9.7000000e-03
   3.0566667e+02   8.7200000e-02
   3.0570833e+02   1.6590000e-01
   3.0575000e+02   2.3540000e-01
   3.0579167e+02   2.8520000e-01
   3.0583333e+02   3.0690000e-01
   3.0587500e+02   2.9620000e-01
   3.0591667e+02   2.5430000e-01
   3.0595833e+02   1.8750000e-01
   3.0600000e+02   1.0610000e-01
   3.0604167e+02   2.2600000e-02
   3.0608333e+02  -5.1300000e-02
   3.0612500e+02  -1.0720000e-01
   3.0616667e+02  -1.4120000e-01
   3.0620833e+02  -1.5480000e-01
   3.0625000e+02  -1.5370000e-01
   3.0629167e+02  -1.4610000e-01
   3.0633333e+02  -1.3990000e-01
   3.0637500e+02  -1.4040000e-01
   3.0641667e+02  -1.4900000e-01
   3.0645833e+02  -1.6210000e-01
   3.0650000e+02  -1.7280000e-01
   3.0654167e+02  -1.7220000e-01
   3.0658333e+02  -1.5280000e-01
   3.0662500e+02  -1.1040000e-01
   3.0666667e+02  -4.6300000e-02
   3.0670833e+02   3.2500000e-02
   3.0675000e+02   1.1450000e-01
   3.0679167e+02   1.8590000e-01
   3.0683333e+02   2.3390000e-01
   3.0687500e+02   2.4970000e-01
   3.0691667e+02   2.3040000e-01
   3.0695833e+02   1.8050000e-01
   3.0700000e+02   1.1010000e-01
   3.0704167e+02   3.3200000e-02
   3.0708333e+02  -3.5600000e-02
   3.0712500e+02  -8.4900000e-02
   3.0716667e+02  -1.0880000e-01
   3.0720833e+02  -1.0790000e-01
   3.0725000e+02  -8.9300000e-02
   3.0729167e+02  -6.4100000e-02
   3.0733333e+02  -4.4300000e-02
   3.0737500e+02  -3.9500000e-02
   3.0741667e+02  -5.4100000e-02
   3.0745833e+02  -8.6000000e-02
   3.0750000e+02  -1.2700000e-01
   3.0754167e+02  -1.6510000e-01
   3.0758333e+02  -1.8740000e-01
   3.0762500e+02  -1.8400000e-01
   3.0766667e+02  -1.5080000e-01
   3.0770833e+02  -9.0900000e-02
   3.0775000e+02  -1.4100000e-02
   3.0779167e+02   6.4700000e-02
   3.0783333e+02   1.2970000e-01
   3.0787500e+02   1.6750000e-01
   3.0791667e+02   1.7090000e-01
   3.0795833e+02   1.4020000e-01
   3.0800000e+02   8.3700000e-02
   3.0804167e+02   1.5500000e-02
   3.0808333e+02  -4.8100000e-02
   3.0812500e+02  -9.2500000e-02
   3.0816667e+02  -1.0850000e-01
   3.0820833e+02  -9.4400000e-02
   3.0825000e+02  -5.6700000e-02
   3.0829167e+02  -7.9000000e-03
   3.0833333e+02   3.6500000e-02
   3.0837500e+02   6.2300000e-02
   3.0841667e+02   6.0300000e-02
   3.0845833e+02   2.8700000e-02
   3.0850000e+02  -2.6300000e-02
   3.0854167e+02  -9.1800000e-02
   3.0858333e+02  -1.5170000e-01
   3.0862500e+02  -1.9080000e-01
   3.0866667e+02  -1.9890000e-01
   3.0870833e+02  -1.7320000e-01
   3.0875000e+02  -1.1940000e-01
   3.0879167e+02  -5.0200000e-02
   3.0883333e+02   1.7600000e-02
   3.0887500e+02   6.7900000e-02
   3.0891667e+02   8.9000000e-02
   3.0895833e+02   7.6500000e-02
   3.0900000e+02   3.5200000e-02
   3.0904167e+02  -2.3100000e-02
   3.0908333e+02  -8.1600000e-02
   3.0912500e+02  -1.2370000e-01
   3.0916667e+02  -1.3660000e-01
   3.0920833e+02  -1.1520000e-01
   3.0925000e+02  -6.3100000e-02
   3.0929167e+02   7.7000000e-03
   3.0933333e+02   8.0300000e-02
   3.0937500e+02   1.3670000e-01
   3.0941667e+02   1.6240000e-01
   3.0945833e+02   1.5040000e-01
   3.0950000e+02   1.0230000e-01
   3.0954167e+02   2.8600000e-02
   3.0958333e+02  -5.4400000e-02
   3.0962500e+02  -1.2840000e-01
   3.0966667e+02  -1.7780000e-01
   3.0970833e+02  -1.9380000e-01
   3.0975000e+02  -1.7580000e-01
   3.0979167e+02  -1.3200000e-01
   3.0983333e+02  -7.7000000e-02
   3.0987500e+02  -2.7300000e-02
   3.0991667e+02   2.4000000e-03
   3.0995833e+02   3.6000000e-03
   3.1000000e+02  -2.3900000e-02
   3.1004167e+02  -7.1500000e-02
   3.1008333e+02  -1.2470000e-01
   3.1012500e+02  -1.6620000e-01
   3.1016667e+02  -1.8080000e-01
   3.1020833e+02  -1.5960000e-01
   3.1025000e+02  -1.0230000e-01
   3.1029167e+02  -1.7800000e-02
   3.1033333e+02   7.7900000e-02
   3.1037500e+02   1.6530000e-01
   3.1041667e+02   2.2600000e-01
   3.1045833e+02   2.4720000e-01
   3.1050000e+02   2.2490000e-01
   3.1054167e+02   1.6440000e-01
   3.1058333e+02   7.9100000e-02
   3.1062500e+02  -1.2900000e-02
   3.1066667e+02  -9.3400000e-02
   3.1070833e+02  -1.4810000e-01
   3.1075000e+02  -1.7040000e-01
   3.1079167e+02  -1.6230000e-01
   3.1083333e+02  -1.3340000e-01
   3.1087500e+02  -9.8100000e-02
   3.1091667e+02  -7.1200000e-02
   3.1095833e+02  -6.4100000e-02
   3.1100000e+02  -8.1200000e-02
   3.1104167e+02  -1.1870000e-01
   3.1108333e+02  -1.6560000e-01
   3.1112500e+02  -2.0640000e-01
   3.1116667e+02  -2.2530000e-01
   3.1120833e+02  -2.1070000e-01
   3.1125000e+02  -1.5790000e-01
   3.1129167e+02  -7.1500000e-02
   3.1133333e+02   3.5700000e-02
   3.1137500e+02   1.4550000e-01
   3.1141667e+02   2.3810000e-01
   3.1145833e+02   2.9680000e-01
   3.1150000e+02   3.1170000e-01
   3.1154167e+02   2.8180000e-01
   3.1158333e+02   2.1510000e-01
   3.1162500e+02   1.2620000e-01
   3.1166667e+02   3.2900000e-02
   3.1170833e+02  -4.8400000e-02
   3.1175000e+02  -1.0590000e-01
   3.1179167e+02  -1.3550000e-01
   3.1183333e+02  -1.4050000e-01
   3.1187500e+02  -1.3050000e-01
   3.1191667e+02  -1.1800000e-01
   3.1195833e+02  -1.1450000e-01
   3.1200000e+02  -1.2720000e-01
   3.1204167e+02  -1.5660000e-01
   3.1208333e+02  -1.9640000e-01
   3.1212500e+02  -2.3460000e-01
   3.1216667e+02  -2.5720000e-01
   3.1220833e+02  -2.5160000e-01
   3.1225000e+02  -2.1030000e-01
   3.1229167e+02  -1.3320000e-01
   3.1233333e+02  -2.8400000e-02
   3.1237500e+02   8.9700000e-02
   3.1241667e+02   2.0260000e-01
   3.1245833e+02   2.9250000e-01
   3.1250000e+02   3.4550000e-01
   3.1254167e+02   3.5490000e-01
   3.1258333e+02   3.2200000e-01
   3.1262500e+02   2.5580000e-01
   3.1266667e+02   1.7010000e-01
   3.1270833e+02   8.0600000e-02
   3.1275000e+02   1.0000000e-03
   3.1279167e+02  -5.9600000e-02
   3.1283333e+02  -9.8800000e-02
   3.1287500e+02  -1.2000000e-01
   3.1291667e+02  -1.3080000e-01
   3.1295833e+02  -1.4040000e-01
   3.1300000e+02  -1.5630000e-01
   3.1304167e+02  -1.8170000e-01
   3.1308333e+02  -2.1450000e-01
   3.1312500e+02  -2.4760000e-01
   3.1316667e+02  -2.7050000e-01
   3.1320833e+02  -2.7210000e-01
   3.1325000e+02  -2.4400000e-01
   3.1329167e+02  -1.8280000e-01
   3.1333333e+02  -9.1900000e-02
   3.1337500e+02   1.9400000e-02
   3.1341667e+02   1.3660000e-01
   3.1345833e+02   2.4370000e-01
   3.1350000e+02   3.2580000e-01
   3.1354167e+02   3.7250000e-01
   3.1358333e+02   3.7910000e-01
   3.1362500e+02   3.4810000e-01
   3.1366667e+02   2.8760000e-01
   3.1370833e+02   2.0910000e-01
   3.1375000e+02   1.2520000e-01
   3.1379167e+02   4.6700000e-02
   3.1383333e+02  -1.9500000e-02
   3.1387500e+02  -7.0900000e-02
   3.1391667e+02  -1.0950000e-01
   3.1395833e+02  -1.3960000e-01
   3.1400000e+02  -1.6640000e-01
   3.1404167e+02  -1.9370000e-01
   3.1408333e+02  -2.2210000e-01
   3.1412500e+02  -2.4870000e-01
   3.1416667e+02  -2.6750000e-01
   3.1420833e+02  -2.7120000e-01
   3.1425000e+02  -2.5280000e-01
   3.1429167e+02  -2.0800000e-01
   3.1433333e+02  -1.3650000e-01
   3.1437500e+02  -4.3100000e-02
   3.1441667e+02   6.3400000e-02
   3.1445833e+02   1.7080000e-01
   3.1450000e+02   2.6660000e-01
   3.1454167e+02   3.3930000e-01
   3.1458333e+02   3.8090000e-01
   3.1462500e+02   3.8830000e-01
   3.1466667e+02   3.6290000e-01
   3.1470833e+02   3.1050000e-01
   3.1475000e+02   2.3970000e-01
   3.1479167e+02   1.5980000e-01
   3.1483333e+02   7.9400000e-02
   3.1487500e+02   4.9000000e-03
   3.1491667e+02  -6.0000000e-02
   3.1495833e+02  -1.1410000e-01
   3.1500000e+02  -1.5840000e-01
   3.1504167e+02  -1.9430000e-01
   3.1508333e+02  -2.2290000e-01
   3.1512500e+02  -2.4400000e-01
   3.1516667e+02  -2.5620000e-01
   3.1520833e+02  -2.5630000e-01
   3.1525000e+02  -2.4090000e-01
   3.1529167e+02  -2.0730000e-01
   3.1533333e+02  -1.5410000e-01
   3.1537500e+02  -8.2500000e-02
   3.1541667e+02   3.3000000e-03
   3.1545833e+02   9.6800000e-02
   3.1550000e+02   1.8950000e-01
   3.1554167e+02   2.7220000e-01
   3.1558333e+02   3.3650000e-01
   3.1562500e+02   3.7580000e-01
   3.1566667e+02   3.8650000e-01
   3.1570833e+02   3.6800000e-01
   3.1575000e+02   3.2310000e-01
   3.1579167e+02   2.5730000e-01
   3.1583333e+02   1.7760000e-01
   3.1587500e+02   9.1800000e-02
   3.1591667e+02   7.3000000e-03
   3.1595833e+02  -6.9600000e-02
   3.1600000e+02  -1.3440000e-01
   3.1604167e+02  -1.8470000e-01
   3.1608333e+02  -2.1960000e-01
   3.1612500e+02  -2.3940000e-01
   3.1616667e+02  -2.4520000e-01
   3.1620833e+02  -2.3810000e-01
   3.1625000e+02  -2.1930000e-01
   3.1629167e+02  -1.8900000e-01
   3.1633333e+02  -1.4750000e-01
   3.1637500e+02  -9.4900000e-02
   3.1641667e+02  -3.2100000e-02
   3.1645833e+02   3.9200000e-02
   3.1650000e+02   1.1570000e-01
   3.1654167e+02   1.9260000e-01
   3.1658333e+02   2.6380000e-01
   3.1662500e+02   3.2230000e-01
   3.1666667e+02   3.6170000e-01
   3.1670833e+02   3.7640000e-01
   3.1675000e+02   3.6330000e-01
   3.1679167e+02   3.2250000e-01
   3.1683333e+02   2.5710000e-01
   3.1687500e+02   1.7340000e-01
   3.1691667e+02   8.0100000e-02
   3.1695833e+02  -1.3300000e-02
   3.1700000e+02  -9.7600000e-02
   3.1704167e+02  -1.6550000e-01
   3.1708333e+02  -2.1220000e-01
   3.1712500e+02  -2.3640000e-01
   3.1716667e+02  -2.3960000e-01
   3.1720833e+02  -2.2570000e-01
   3.1725000e+02  -1.9950000e-01
   3.1729167e+02  -1.6560000e-01
   3.1733333e+02  -1.2750000e-01
   3.1737500e+02  -8.6600000e-02
   3.1741667e+02  -4.2700000e-02
   3.1745833e+02   5.5000000e-03
   3.1750000e+02   5.9400000e-02
   3.1754167e+02   1.1910000e-01
   3.1758333e+02   1.8270000e-01
   3.1762500e+02   2.4560000e-01
   3.1766667e+02   3.0110000e-01
   3.1770833e+02   3.4130000e-01
   3.1775000e+02   3.5840000e-01
   3.1779167e+02   3.4710000e-01
   3.1783333e+02   3.0540000e-01
   3.1787500e+02   2.3600000e-01
   3.1791667e+02   1.4600000e-01
   3.1795833e+02   4.5900000e-02
   3.1800000e+02  -5.2200000e-02
   3.1804167e+02  -1.3660000e-01
   3.1808333e+02  -1.9820000e-01
   3.1812500e+02  -2.3230000e-01
   3.1816667e+02  -2.3860000e-01
   3.1820833e+02  -2.2170000e-01
   3.1825000e+02  -1.8860000e-01
   3.1829167e+02  -1.4770000e-01
   3.1833333e+02  -1.0620000e-01
   3.1837500e+02  -6.8700000e-02
   3.1841667e+02  -3.6100000e-02
   3.1845833e+02  -6.2000000e-03
   3.1850000e+02   2.5200000e-02
   3.1854167e+02   6.2700000e-02
   3.1858333e+02   1.0890000e-01
   3.1862500e+02   1.6330000e-01
   3.1866667e+02   2.2130000e-01
   3.1870833e+02   2.7520000e-01
   3.1875000e+02   3.1490000e-01
   3.1879167e+02   3.3100000e-01
   3.1883333e+02   3.1670000e-01
   3.1887500e+02   2.6980000e-01
   3.1891667e+02   1.9400000e-01
   3.1895833e+02   9.8400000e-02
   3.1900000e+02  -4.3000000e-03
   3.1904167e+02  -9.9800000e-02
   3.1908333e+02  -1.7520000e-01
   3.1912500e+02  -2.2170000e-01
   3.1916667e+02  -2.3630000e-01
   3.1920833e+02  -2.2180000e-01
   3.1925000e+02  -1.8570000e-01
   3.1929167e+02  -1.3870000e-01
   3.1933333e+02  -9.1100000e-02
   3.1937500e+02  -5.1000000e-02
   3.1941667e+02  -2.2100000e-02
   3.1945833e+02  -3.3000000e-03
   3.1950000e+02   1.0500000e-02
   3.1954167e+02   2.6400000e-02
   3.1958333e+02   5.1200000e-02
   3.1962500e+02   8.8600000e-02
   3.1966667e+02   1.3770000e-01
   3.1970833e+02   1.9290000e-01
   3.1975000e+02   2.4450000e-01
   3.1979167e+02   2.8080000e-01
   3.1983333e+02   2.9150000e-01
   3.1987500e+02   2.7010000e-01
   3.1991667e+02   2.1590000e-01
   3.1995833e+02   1.3470000e-01
   3.2000000e+02   3.7900000e-02
   3.2004167e+02  -5.9800000e-02
   3.2008333e+02  -1.4340000e-01
   3.2012500e+02  -2.0080000e-01
   3.2016667e+02  -2.2560000e-01
   3.2020833e+02  -2.1770000e-01
   3.2025000e+02  -1.8360000e-01
   3.2029167e+02  -1.3420000e-01
   3.2033333e+02  -8.1700000e-02
   3.2037500e+02  -3.7100000e-02
   3.2041667e+02  -7.1000000e-03
   3.2045833e+02   7.0000000e-03
   3.2050000e+02   9.5000000e-03
   3.2054167e+02   8.2000000e-03
   3.2058333e+02   1.2300000e-02
   3.2062500e+02   2.9200000e-02
   3.2066667e+02   6.1900000e-02
   3.2070833e+02   1.0810000e-01
   3.2075000e+02   1.6010000e-01
   3.2079167e+02   2.0670000e-01
   3.2083333e+02   2.3560000e-01
   3.2087500e+02   2.3730000e-01
   3.2091667e+02   2.0700000e-01
   3.2095833e+02   1.4680000e-01
   3.2100000e+02   6.5000000e-02
   3.2104167e+02  -2.5000000e-02
   3.2108333e+02  -1.0810000e-01
   3.2112500e+02  -1.7040000e-01
   3.2116667e+02  -2.0270000e-01
   3.2120833e+02  -2.0230000e-01
   3.2125000e+02  -1.7320000e-01
   3.2129167e+02  -1.2520000e-01
   3.2133333e+02  -7.1000000e-02
   3.2137500e+02  -2.3000000e-02
   3.2141667e+02   9.5000000e-03
   3.2145833e+02   2.2700000e-02
   3.2150000e+02   1.9000000e-02
   3.2154167e+02   5.5000000e-03
   3.2158333e+02  -7.8000000e-03
   3.2162500e+02  -1.1200000e-02
   3.2166667e+02   1.6000000e-03
   3.2170833e+02   3.1800000e-02
   3.2175000e+02   7.4700000e-02
   3.2179167e+02   1.2090000e-01
   3.2183333e+02   1.5850000e-01
   3.2187500e+02   1.7650000e-01
   3.2191667e+02   1.6740000e-01
   3.2195833e+02   1.2970000e-01
   3.2200000e+02   6.8400000e-02
   3.2204167e+02  -5.8000000e-03
   3.2208333e+02  -7.9100000e-02
   3.2212500e+02  -1.3780000e-01
   3.2216667e+02  -1.7120000e-01
   3.2220833e+02  -1.7450000e-01
   3.2225000e+02  -1.4950000e-01
   3.2229167e+02  -1.0420000e-01
   3.2233333e+02  -5.0400000e-02
   3.2237500e+02  -1.0000000e-03
   3.2241667e+02   3.3400000e-02
   3.2245833e+02   4.7000000e-02
   3.2250000e+02   4.0000000e-02
   3.2254167e+02   1.8300000e-02
   3.2258333e+02  -8.6000000e-03
   3.2262500e+02  -3.0200000e-02
   3.2266667e+02  -3.7800000e-02
   3.2270833e+02  -2.7400000e-02
   3.2275000e+02  -5.0000000e-04
   3.2279167e+02   3.6100000e-02
   3.2283333e+02   7.2300000e-02
   3.2287500e+02   9.7200000e-02
   3.2291667e+02   1.0220000e-01
   3.2295833e+02   8.3500000e-02
   3.2300000e+02   4.3100000e-02
   3.2304167e+02  -1.1300000e-02
   3.2308333e+02  -6.8100000e-02
   3.2312500e+02  -1.1490000e-01
   3.2316667e+02  -1.4120000e-01
   3.2320833e+02  -1.4130000e-01
   3.2325000e+02  -1.1550000e-01
   3.2329167e+02  -7.0100000e-02
   3.2333333e+02  -1.5800000e-02
   3.2337500e+02   3.4900000e-02
   3.2341667e+02   7.1000000e-02
   3.2345833e+02   8.5600000e-02
   3.2350000e+02   7.7100000e-02
   3.2354167e+02   4.9800000e-02
   3.2358333e+02   1.2400000e-02
   3.2362500e+02  -2.4700000e-02
   3.2366667e+02  -5.1600000e-02
   3.2370833e+02  -6.2300000e-02
   3.2375000e+02  -5.5500000e-02
   3.2379167e+02  -3.5300000e-02
   3.2383333e+02  -9.5000000e-03
   3.2387500e+02   1.2400000e-02
   3.2391667e+02   2.2000000e-02
   3.2395833e+02   1.4600000e-02
   3.2400000e+02  -9.7000000e-03
   3.2404167e+02  -4.5600000e-02
   3.2408333e+02  -8.3900000e-02
   3.2412500e+02  -1.1400000e-01
   3.2416667e+02  -1.2660000e-01
   3.2420833e+02  -1.1620000e-01
   3.2425000e+02  -8.2600000e-02
   3.2429167e+02  -3.1200000e-02
   3.2433333e+02   2.8000000e-02
   3.2437500e+02   8.3400000e-02
   3.2441667e+02   1.2370000e-01
   3.2445833e+02   1.4120000e-01
   3.2450000e+02   1.3340000e-01
   3.2454167e+02   1.0330000e-01
   3.2458333e+02   5.8300000e-02
   3.2462500e+02   8.7000000e-03
   3.2466667e+02  -3.5400000e-02
   3.2470833e+02  -6.6700000e-02
   3.2475000e+02  -8.1800000e-02
   3.2479167e+02  -8.2300000e-02
   3.2483333e+02  -7.3600000e-02
   3.2487500e+02  -6.3400000e-02
   3.2491667e+02  -5.8800000e-02
   3.2495833e+02  -6.4600000e-02
   3.2500000e+02  -8.1300000e-02
   3.2504167e+02  -1.0500000e-01
   3.2508333e+02  -1.2830000e-01
   3.2512500e+02  -1.4230000e-01
   3.2516667e+02  -1.3900000e-01
   3.2520833e+02  -1.1370000e-01
   3.2525000e+02  -6.6600000e-02
   3.2529167e+02  -2.9000000e-03
   3.2533333e+02   6.7700000e-02
   3.2537500e+02   1.3360000e-01
   3.2541667e+02   1.8350000e-01
   3.2545833e+02   2.0900000e-01
   3.2550000e+02   2.0650000e-01
   3.2554167e+02   1.7780000e-01
   3.2558333e+02   1.2950000e-01
   3.2562500e+02   7.1200000e-02
   3.2566667e+02   1.3100000e-02
   3.2570833e+02  -3.6700000e-02
   3.2575000e+02  -7.3200000e-02
   3.2579167e+02  -9.6000000e-02
   3.2583333e+02  -1.0850000e-01
   3.2587500e+02  -1.1610000e-01
   3.2591667e+02  -1.2470000e-01
   3.2595833e+02  -1.3810000e-01
   3.2600000e+02  -1.5690000e-01
   3.2604167e+02  -1.7760000e-01
   3.2608333e+02  -1.9370000e-01
   3.2612500e+02  -1.9750000e-01
   3.2616667e+02  -1.8190000e-01
   3.2620833e+02  -1.4290000e-01
   3.2625000e+02  -8.0900000e-02
   3.2629167e+02  -1.6000000e-03
   3.2633333e+02   8.5400000e-02
   3.2637500e+02   1.6800000e-01
   3.2641667e+02   2.3420000e-01
   3.2645833e+02   2.7470000e-01
   3.2650000e+02   2.8470000e-01
   3.2654167e+02   2.6450000e-01
   3.2658333e+02   2.1950000e-01
   3.2662500e+02   1.5850000e-01
   3.2666667e+02   9.1500000e-02
   3.2670833e+02   2.7200000e-02
   3.2675000e+02  -2.8100000e-02
   3.2679167e+02  -7.2400000e-02
   3.2683333e+02  -1.0690000e-01
   3.2687500e+02  -1.3540000e-01
   3.2691667e+02  -1.6210000e-01
   3.2695833e+02  -1.9000000e-01
   3.2700000e+02  -2.1910000e-01
   3.2704167e+02  -2.4610000e-01
   3.2708333e+02  -2.6470000e-01
   3.2712500e+02  -2.6760000e-01
   3.2716667e+02  -2.4790000e-01
   3.2720833e+02  -2.0180000e-01
   3.2725000e+02  -1.2970000e-01
   3.2729167e+02  -3.7000000e-02
   3.2733333e+02   6.6500000e-02
   3.2737500e+02   1.6850000e-01
   3.2741667e+02   2.5600000e-01
   3.2745833e+02   3.1830000e-01
   3.2750000e+02   3.4890000e-01
   3.2754167e+02   3.4600000e-01
   3.2758333e+02   3.1330000e-01
   3.2762500e+02   2.5830000e-01
   3.2766667e+02   1.9010000e-01
   3.2770833e+02   1.1800000e-01
   3.2775000e+02   4.9000000e-02
   3.2779167e+02  -1.3100000e-02
   3.2783333e+02  -6.7800000e-02
   3.2787500e+02  -1.1700000e-01
   3.2791667e+02  -1.6340000e-01
   3.2795833e+02  -2.0890000e-01
   3.2800000e+02  -2.5320000e-01
   3.2804167e+02  -2.9290000e-01
   3.2808333e+02  -3.2210000e-01
   3.2812500e+02  -3.3340000e-01
   3.2816667e+02  -3.1980000e-01
   3.2820833e+02  -2.7690000e-01
   3.2825000e+02  -2.0440000e-01
   3.2829167e+02  -1.0680000e-01
   3.2833333e+02   7.1000000e-03
   3.2837500e+02   1.2500000e-01
   3.2841667e+02   2.3350000e-01
   3.2845833e+02   3.2060000e-01
   3.2850000e+02   3.7750000e-01
   3.2854167e+02   4.0020000e-01
   3.2858333e+02   3.8950000e-01
   3.2862500e+02   3.5070000e-01
   3.2866667e+02   2.9160000e-01
   3.2870833e+02   2.2090000e-01
   3.2875000e+02   1.4600000e-01
   3.2879167e+02   7.2300000e-02
   3.2883333e+02   2.1000000e-03
   3.2887500e+02  -6.4500000e-02
   3.2891667e+02  -1.2860000e-01
   3.2895833e+02  -1.9110000e-01
   3.2900000e+02  -2.5130000e-01
   3.2904167e+02  -3.0600000e-01
   3.2908333e+02  -3.4960000e-01
   3.2912500e+02  -3.7530000e-01
   3.2916667e+02  -3.7590000e-01
   3.2920833e+02  -3.4650000e-01
   3.2925000e+02  -2.8530000e-01
   3.2929167e+02  -1.9480000e-01
   3.2933333e+02  -8.2500000e-02
   3.2937500e+02   4.1100000e-02
   3.2941667e+02   1.6330000e-01
   3.2945833e+02   2.7130000e-01
   3.2950000e+02   3.5480000e-01
   3.2954167e+02   4.0710000e-01
   3.2958333e+02   4.2590000e-01
   3.2962500e+02   4.1300000e-01
   3.2966667e+02   3.7380000e-01
   3.2970833e+02   3.1530000e-01
   3.2975000e+02   2.4470000e-01
   3.2979167e+02   1.6800000e-01
   3.2983333e+02   8.9400000e-02
   3.2987500e+02   1.1000000e-02
   3.2991667e+02  -6.6400000e-02
   3.2995833e+02  -1.4230000e-01
   3.3000000e+02  -2.1530000e-01
   3.3004167e+02  -2.8260000e-01
   3.3008333e+02  -3.3950000e-01
   3.3012500e+02  -3.8020000e-01
   3.3016667e+02  -3.9810000e-01
   3.3020833e+02  -3.8810000e-01
   3.3025000e+02  -3.4720000e-01
   3.3029167e+02  -2.7610000e-01
   3.3033333e+02  -1.7920000e-01
   3.3037500e+02  -6.4400000e-02
   3.3041667e+02   5.7600000e-02
   3.3045833e+02   1.7540000e-01
   3.3050000e+02   2.7800000e-01
   3.3054167e+02   3.5690000e-01
   3.3058333e+02   4.0670000e-01
   3.3062500e+02   4.2560000e-01
   3.3066667e+02   4.1500000e-01
   3.3070833e+02   3.7930000e-01
   3.3075000e+02   3.2370000e-01
   3.3079167e+02   2.5410000e-01
   3.3083333e+02   1.7570000e-01
   3.3087500e+02   9.2700000e-02
   3.3091667e+02   8.0000000e-03
   3.3095833e+02  -7.5800000e-02
   3.3100000e+02  -1.5630000e-01
   3.3104167e+02  -2.3090000e-01
   3.3108333e+02  -2.9570000e-01
   3.3112500e+02  -3.4630000e-01
   3.3116667e+02  -3.7820000e-01
   3.3120833e+02  -3.8680000e-01
   3.3125000e+02  -3.6920000e-01
   3.3129167e+02  -3.2450000e-01
   3.3133333e+02  -2.5420000e-01
   3.3137500e+02  -1.6290000e-01
   3.3141667e+02  -5.7500000e-02
   3.3145833e+02   5.3500000e-02
   3.3150000e+02   1.6070000e-01
   3.3154167e+02   2.5530000e-01
   3.3158333e+02   3.2990000e-01
   3.3162500e+02   3.7930000e-01
   3.3166667e+02   4.0110000e-01
   3.3170833e+02   3.9510000e-01
   3.3175000e+02   3.6380000e-01
   3.3179167e+02   3.1110000e-01
   3.3183333e+02   2.4220000e-01
   3.3187500e+02   1.6240000e-01
   3.3191667e+02   7.7000000e-02
   3.3195833e+02  -9.0000000e-03
   3.3200000e+02  -9.1600000e-02
   3.3204167e+02  -1.6700000e-01
   3.3208333e+02  -2.3220000e-01
   3.3212500e+02  -2.8460000e-01
   3.3216667e+02  -3.2170000e-01
   3.3220833e+02  -3.4140000e-01
   3.3225000e+02  -3.4200000e-01
   3.3229167e+02  -3.2260000e-01
   3.3233333e+02  -2.8300000e-01
   3.3237500e+02  -2.2450000e-01
   3.3241667e+02  -1.4970000e-01
   3.3245833e+02  -6.2800000e-02
   3.3250000e+02   3.0600000e-02
   3.3254167e+02   1.2370000e-01
   3.3258333e+02   2.0930000e-01
   3.3262500e+02   2.8020000e-01
   3.3266667e+02   3.3040000e-01
   3.3270833e+02   3.5550000e-01
   3.3275000e+02   3.5350000e-01
   3.3279167e+02   3.2510000e-01
   3.3283333e+02   2.7370000e-01
   3.3287500e+02   2.0460000e-01
   3.3291667e+02   1.2480000e-01
   3.3295833e+02   4.1500000e-02
   3.3300000e+02  -3.8600000e-02
   3.3304167e+02  -1.1000000e-01
   3.3308333e+02  -1.6930000e-01
   3.3312500e+02  -2.1460000e-01
   3.3316667e+02  -2.4620000e-01
   3.3320833e+02  -2.6490000e-01
   3.3325000e+02  -2.7200000e-01
   3.3329167e+02  -2.6840000e-01
   3.3333333e+02  -2.5420000e-01
   3.3337500e+02  -2.2880000e-01
   3.3341667e+02  -1.9110000e-01
   3.3345833e+02  -1.4060000e-01
   3.3350000e+02  -7.7800000e-02
   3.3354167e+02  -5.1000000e-03
   3.3358333e+02   7.2900000e-02
   3.3362500e+02   1.4940000e-01
   3.3366667e+02   2.1650000e-01
   3.3370833e+02   2.6650000e-01
   3.3375000e+02   2.9270000e-01
   3.3379167e+02   2.9160000e-01
   3.3383333e+02   2.6300000e-01
   3.3387500e+02   2.1060000e-01
   3.3391667e+02   1.4140000e-01
   3.3395833e+02   6.4600000e-02
   3.3400000e+02  -1.0400000e-02
   3.3404167e+02  -7.5500000e-02
   3.3408333e+02  -1.2540000e-01
   3.3412500e+02  -1.5820000e-01
   3.3416667e+02  -1.7530000e-01
   3.3420833e+02  -1.8070000e-01
   3.3425000e+02  -1.7960000e-01
   3.3429167e+02  -1.7650000e-01
   3.3433333e+02  -1.7390000e-01
   3.3437500e+02  -1.7180000e-01
   3.3441667e+02  -1.6740000e-01
   3.3445833e+02  -1.5640000e-01
   3.3450000e+02  -1.3390000e-01
   3.3454167e+02  -9.6900000e-02
   3.3458333e+02  -4.5100000e-02
   3.3462500e+02   1.7900000e-02
   3.3466667e+02   8.5100000e-02
   3.3470833e+02   1.4710000e-01
   3.3475000e+02   1.9380000e-01
   3.3479167e+02   2.1710000e-01
   3.3483333e+02   2.1230000e-01
   3.3487500e+02   1.7990000e-01
   3.3491667e+02   1.2510000e-01
   3.3495833e+02   5.7400000e-02
   3.3500000e+02  -1.1600000e-02
   3.3504167e+02  -7.0900000e-02
   3.3508333e+02  -1.1210000e-01
   3.3512500e+02  -1.3150000e-01
   3.3516667e+02  -1.3030000e-01
   3.3520833e+02  -1.1450000e-01
   3.3525000e+02  -9.2600000e-02
   3.3529167e+02  -7.3600000e-02
   3.3533333e+02  -6.4600000e-02
   3.3537500e+02  -6.8400000e-02
   3.3541667e+02  -8.3500000e-02
   3.3545833e+02  -1.0390000e-01
   3.3550000e+02  -1.2110000e-01
   3.3554167e+02  -1.2640000e-01
   3.3558333e+02  -1.1370000e-01
   3.3562500e+02  -8.1100000e-02
   3.3566667e+02  -3.2100000e-02
   3.3570833e+02   2.5000000e-02
   3.3575000e+02   7.8900000e-02
   3.3579167e+02   1.1800000e-01
   3.3583333e+02   1.3320000e-01
   3.3587500e+02   1.2040000e-01
   3.3591667e+02   8.1600000e-02
   3.3595833e+02   2.4700000e-02
