#Station: blak
#YEAR  MTH DAY HOU MIN SEC  X              Y              Z              LAT              LON              HEI         SIGLAT    SIGLON    SIGHEI  
#                           m              m              m              ddd mm ss.sssss  ddd mm ss.sssss  m           m         m         m       
#----  --- --- --- --- ---  -------------  -------------  -------------  ---------------  ---------------  ----------  --------  --------  --------
 2018  11  13   0   5   0   -1648448.8941    490245.5356  -6121387.5331  -74 24 25.98896  163 26 15.44385     79.4350    0.0324    0.0359    0.1386
 2018  11  13   0  10   0   -1648448.9086    490245.5309  -6121387.6278  -74 24 25.98939  163 26 15.44489     79.5295    0.0379    0.0390    0.1686
 2018  11  13   0  15   0   -1648448.9089    490245.5439  -6121387.6208  -74 24 25.98921  163 26 15.44340     79.5239    0.0411    0.0392    0.1855
 2018  11  13   0  20   0   -1648448.8995    490245.5519  -6121387.5674  -74 24 25.98895  163 26 15.44217     79.4707    0.0373    0.0328    0.1682
 2018  11  13   0  25   0   -1648448.9046    490245.5412  -6121387.6761  -74 24 25.98984  163 26 15.44357     79.5759    0.0308    0.0253    0.1371
 2018  11  13   0  30   0   -1648448.8928    490245.5377  -6121387.6503  -74 24 25.99000  163 26 15.44356     79.5477    0.0257    0.0203    0.1119
 2018  11  13   0  35   0   -1648448.8966    490245.5366  -6121387.6780  -74 24 25.99013  163 26 15.44382     79.5753    0.0223    0.0175    0.0936
 2018  11  13   0  40   0   -1648448.8961    490245.5494  -6121387.6595  -74 24 25.98988  163 26 15.44233     79.5583    0.0200    0.0161    0.0807
 2018  11  13   0  45   0   -1648448.8967    490245.5464  -6121387.6626  -74 24 25.98991  163 26 15.44270     79.5612    0.0162    0.0153    0.0606
 2018  11  13   0  50   0   -1648448.8844    490245.5517  -6121387.6042  -74 24 25.98972  163 26 15.44166     79.5021    0.0131    0.0137    0.0549
 2018  11  13   0  55   0   -1648448.8911    490245.5449  -6121387.6489  -74 24 25.98997  163 26 15.44268     79.5464    0.0132    0.0135    0.0485
 2018  11  13   1   0   0   -1648448.8965    490245.5409  -6121387.6722  -74 24 25.99005  163 26 15.44332     79.5699    0.0132    0.0135    0.0455
 2018  11  13   1   5   0   -1648448.9046    490245.5481  -6121387.6556  -74 24 25.98960  163 26 15.44278     79.5566    0.0133    0.0135    0.0447
 2018  11  13   1  10   0   -1648448.9036    490245.5536  -6121387.6594  -74 24 25.98961  163 26 15.44210     79.5604    0.0133    0.0137    0.0451
 2018  11  13   1  15   0   -1648448.9011    490245.5593  -6121387.6713  -74 24 25.98974  163 26 15.44137     79.5717    0.0133    0.0138    0.0461
 2018  11  13   1  20   0   -1648448.8994    490245.5639  -6121387.6959  -74 24 25.98996  163 26 15.44078     79.5953    0.0132    0.0140    0.0477
 2018  11  13   1  25   0   -1648448.9004    490245.5629  -6121387.7032  -74 24 25.99001  163 26 15.44093     79.6025    0.0132    0.0141    0.0504
 2018  11  13   1  30   0   -1648448.8897    490245.5491  -6121387.6436  -74 24 25.98993  163 26 15.44214     79.5413    0.0132    0.0143    0.0551
 2018  11  13   1  35   0   -1648448.8933    490245.5439  -6121387.6256  -74 24 25.98971  163 26 15.44287     79.5245    0.0124    0.0144    0.0573
 2018  11  13   1  40   0   -1648448.8934    490245.5567  -6121387.6823  -74 24 25.99009  163 26 15.44140     79.5801    0.0130    0.0159    0.0603
 2018  11  13   1  45   0   -1648448.8952    490245.5673  -6121387.7191  -74 24 25.99026  163 26 15.44024     79.6168    0.0140    0.0163    0.0588
 2018  11  13   1  50   0   -1648448.8919    490245.5676  -6121387.7140  -74 24 25.99031  163 26 15.44010     79.6111    0.0144    0.0165    0.0621
 2018  11  13   1  55   0   -1648448.8911    490245.5639  -6121387.6890  -74 24 25.99015  163 26 15.44050     79.5865    0.0147    0.0166    0.0625
 2018  11  13   2   0   0   -1648448.8907    490245.5611  -6121387.6830  -74 24 25.99013  163 26 15.44081     79.5804    0.0152    0.0165    0.0622
 2018  11  13   2   5   0   -1648448.9067    490245.5676  -6121387.7260  -74 24 25.98997  163 26 15.44061     79.6265    0.0156    0.0163    0.0608
 2018  11  13   2  10   0   -1648448.9126    490245.5674  -6121387.7577  -74 24 25.99007  163 26 15.44083     79.6585    0.0161    0.0160    0.0590
 2018  11  13   2  15   0   -1648448.8934    490245.5574  -6121387.6937  -74 24 25.99018  163 26 15.44132     79.5912    0.0162    0.0153    0.0557
 2018  11  13   2  20   0   -1648448.8970    490245.5668  -6121387.6994  -74 24 25.99004  163 26 15.44036     79.5983    0.0147    0.0125    0.0517
 2018  11  13   2  25   0   -1648448.9035    490245.5642  -6121387.7005  -74 24 25.98988  163 26 15.44089     79.6008    0.0148    0.0127    0.0551
 2018  11  13   2  30   0   -1648448.8950    490245.5768  -6121387.7138  -74 24 25.99014  163 26 15.43915     79.6124    0.0166    0.0140    0.0590
 2018  11  13   2  35   0   -1648448.8879    490245.5795  -6121387.7262  -74 24 25.99043  163 26 15.43860     79.6227    0.0169    0.0143    0.0580
 2018  11  13   2  40   0   -1648448.8878    490245.5778  -6121387.7359  -74 24 25.99053  163 26 15.43878     79.6319    0.0172    0.0163    0.0576
 2018  11  13   2  45   0   -1648448.8810    490245.5746  -6121387.7386  -74 24 25.99079  163 26 15.43892     79.6325    0.0173    0.0167    0.0573
 2018  11  13   2  50   0   -1648448.8761    490245.5781  -6121387.6876  -74 24 25.99046  163 26 15.43835     79.5823    0.0172    0.0171    0.0562
 2018  11  13   2  55   0   -1648448.8765    490245.5744  -6121387.6649  -74 24 25.99028  163 26 15.43879     79.5603    0.0169    0.0173    0.0543
 2018  11  13   3   0   0   -1648448.8769    490245.5697  -6121387.7039  -74 24 25.99065  163 26 15.43934     79.5976    0.0153    0.0166    0.0479
 2018  11  13   3   5   0   -1648448.8777    490245.5740  -6121387.7251  -74 24 25.99077  163 26 15.43887     79.6186    0.0151    0.0166    0.0465
 2018  11  13   3  10   0   -1648448.8758    490245.5778  -6121387.7248  -74 24 25.99079  163 26 15.43838     79.6182    0.0148    0.0164    0.0454
 2018  11  13   3  15   0   -1648448.8795    490245.5812  -6121387.6802  -74 24 25.99027  163 26 15.43811     79.5764    0.0115    0.0154    0.0393
 2018  11  13   3  20   0   -1648448.8800    490245.5688  -6121387.6975  -74 24 25.99051  163 26 15.43955     79.5922    0.0114    0.0130    0.0398
 2018  11  13   3  25   0   -1648448.8673    490245.5722  -6121387.6964  -74 24 25.99085  163 26 15.43873     79.5882    0.0114    0.0132    0.0446
 2018  11  13   3  30   0   -1648448.8703    490245.5787  -6121387.6980  -74 24 25.99072  163 26 15.43808     79.5910    0.0131    0.0135    0.0440
 2018  11  13   3  35   0   -1648448.8671    490245.5798  -6121387.6825  -74 24 25.99067  163 26 15.43785     79.5753    0.0133    0.0136    0.0445
 2018  11  13   3  40   0   -1648448.8662    490245.5786  -6121387.6651  -74 24 25.99056  163 26 15.43795     79.5582    0.0135    0.0136    0.0454
 2018  11  13   3  45   0   -1648448.8623    490245.5806  -6121387.6772  -74 24 25.99076  163 26 15.43759     79.5690    0.0138    0.0136    0.0464
 2018  11  13   3  50   0   -1648448.8622    490245.5843  -6121387.6839  -74 24 25.99079  163 26 15.43717     79.5757    0.0140    0.0127    0.0440
 2018  11  13   3  55   0   -1648448.8607    490245.5838  -6121387.7083  -74 24 25.99105  163 26 15.43717     79.5988    0.0143    0.0127    0.0440
 2018  11  13   4   0   0   -1648448.8674    490245.5797  -6121387.7071  -74 24 25.99087  163 26 15.43787     79.5991    0.0145    0.0127    0.0442
 2018  11  13   4   5   0   -1648448.8640    490245.5815  -6121387.7133  -74 24 25.99101  163 26 15.43755     79.6043    0.0146    0.0127    0.0444
 2018  11  13   4  10   0   -1648448.8639    490245.5901  -6121387.7034  -74 24 25.99085  163 26 15.43655     79.5954    0.0146    0.0126    0.0446
 2018  11  13   4  15   0   -1648448.8561    490245.5898  -6121387.7003  -74 24 25.99106  163 26 15.43632     79.5904    0.0146    0.0126    0.0456
 2018  11  13   4  20   0   -1648448.8590    490245.5807  -6121387.6721  -74 24 25.99081  163 26 15.43747     79.5633    0.0145    0.0127    0.0482
 2018  11  13   4  25   0   -1648448.8623    490245.5833  -6121387.6886  -74 24 25.99083  163 26 15.43728     79.5802    0.0144    0.0139    0.0477
 2018  11  13   4  30   0   -1648448.8587    490245.5822  -6121387.7178  -74 24 25.99120  163 26 15.43728     79.6073    0.0142    0.0138    0.0475
 2018  11  13   4  35   0   -1648448.8604    490245.5848  -6121387.7178  -74 24 25.99113  163 26 15.43704     79.6079    0.0118    0.0136    0.0422
 2018  11  13   4  40   0   -1648448.8600    490245.5838  -6121387.7265  -74 24 25.99122  163 26 15.43715     79.6161    0.0118    0.0135    0.0400
 2018  11  13   4  45   0   -1648448.8488    490245.5904  -6121387.6936  -74 24 25.99122  163 26 15.43600     79.5821    0.0123    0.0137    0.0392
 2018  11  13   4  50   0   -1648448.8580    490245.5893  -6121387.6955  -74 24 25.99097  163 26 15.43645     79.5861    0.0134    0.0135    0.0398
 2018  11  13   4  55   0   -1648448.8544    490245.5952  -6121387.6653  -74 24 25.99076  163 26 15.43564     79.5567    0.0134    0.0134    0.0393
 2018  11  13   5   0   0   -1648448.8614    490245.5967  -6121387.6987  -74 24 25.99083  163 26 15.43571     79.5907    0.0136    0.0133    0.0395
 2018  11  13   5   5   0   -1648448.8585    490245.6011  -6121387.7237  -74 24 25.99109  163 26 15.43511     79.6144    0.0141    0.0141    0.0413
 2018  11  13   5  10   0   -1648448.8568    490245.5978  -6121387.7367  -74 24 25.99129  163 26 15.43542     79.6263    0.0144    0.0142    0.0422
 2018  11  13   5  15   0   -1648448.8598    490245.5939  -6121387.7276  -74 24 25.99115  163 26 15.43598     79.6179    0.0173    0.0156    0.0519
 2018  11  13   5  20   0   -1648448.8541    490245.5881  -6121387.7182  -74 24 25.99129  163 26 15.43645     79.6070    0.0179    0.0155    0.0546
 2018  11  13   5  25   0   -1648448.8508    490245.5825  -6121387.6858  -74 24 25.99116  163 26 15.43698     79.5745    0.0184    0.0153    0.0583
 2018  11  13   5  30   0   -1648448.8493    490245.5970  -6121387.7279  -74 24 25.99144  163 26 15.43526     79.6158    0.0187    0.0159    0.0596
 2018  11  13   5  35   0   -1648448.8512    490245.5889  -6121387.7189  -74 24 25.99138  163 26 15.43626     79.6069    0.0187    0.0157    0.0585
 2018  11  13   5  40   0   -1648448.8499    490245.5986  -6121387.7010  -74 24 25.99118  163 26 15.43509     79.5902    0.0159    0.0147    0.0494
 2018  11  13   5  45   0   -1648448.8551    490245.6006  -6121387.7388  -74 24 25.99133  163 26 15.43504     79.6280    0.0161    0.0143    0.0466
 2018  11  13   5  50   0   -1648448.8685    490245.5982  -6121387.7577  -74 24 25.99112  163 26 15.43578     79.6495    0.0162    0.0141    0.0450
 2018  11  13   5  55   0   -1648448.8613    490245.5921  -6121387.7159  -74 24 25.99102  163 26 15.43623     79.6069    0.0161    0.0129    0.0439
 2018  11  13   6   0   0   -1648448.8542    490245.5907  -6121387.6933  -74 24 25.99105  163 26 15.43616     79.5832    0.0155    0.0124    0.0422
 2018  11  13   6   5   0   -1648448.8434    490245.5991  -6121387.7031  -74 24 25.99138  163 26 15.43481     79.5905    0.0156    0.0131    0.0440
 2018  11  13   6  10   0   -1648448.8257    490245.5935  -6121387.7151  -74 24 25.99206  163 26 15.43486     79.5971    0.0152    0.0127    0.0433
 2018  11  13   6  15   0   -1648448.8422    490245.5995  -6121387.7428  -74 24 25.99176  163 26 15.43473     79.6284    0.0158    0.0128    0.0441
 2018  11  13   6  20   0   -1648448.8445    490245.5968  -6121387.7163  -74 24 25.99148  163 26 15.43512     79.6033    0.0154    0.0130    0.0458
 2018  11  13   6  25   0   -1648448.8478    490245.5932  -6121387.7111  -74 24 25.99137  163 26 15.43565     79.5989    0.0152    0.0131    0.0488
 2018  11  13   6  30   0   -1648448.8379    490245.5968  -6121387.7551  -74 24 25.99202  163 26 15.43490     79.6390    0.0152    0.0133    0.0543
 2018  11  13   6  35   0   -1648448.8389    490245.5897  -6121387.6945  -74 24 25.99153  163 26 15.43575     79.5804    0.0136    0.0134    0.0479
 2018  11  13   6  40   0   -1648448.8417    490245.5893  -6121387.7004  -74 24 25.99149  163 26 15.43589     79.5867    0.0132    0.0134    0.0448
 2018  11  13   6  45   0   -1648448.8458    490245.5897  -6121387.7376  -74 24 25.99169  163 26 15.43598     79.6236    0.0130    0.0134    0.0435
 2018  11  13   6  50   0   -1648448.8429    490245.5952  -6121387.7612  -74 24 25.99194  163 26 15.43525     79.6461    0.0129    0.0134    0.0429
 2018  11  13   6  55   0   -1648448.8350    490245.5938  -6121387.7566  -74 24 25.99214  163 26 15.43515     79.6395    0.0116    0.0126    0.0399
 2018  11  13   7   0   0   -1648448.8482    490245.5965  -6121387.7540  -74 24 25.99170  163 26 15.43528     79.6406    0.0115    0.0125    0.0395
 2018  11  13   7   5   0   -1648448.8497    490245.5905  -6121387.7589  -74 24 25.99175  163 26 15.43602     79.6452    0.0115    0.0125    0.0398
 2018  11  13   7  10   0   -1648448.8498    490245.5925  -6121387.7348  -74 24 25.99152  163 26 15.43579     79.6222    0.0115    0.0125    0.0409
 2018  11  13   7  15   0   -1648448.8435    490245.5932  -6121387.7690  -74 24 25.99200  163 26 15.43550     79.6535    0.0116    0.0125    0.0436
 2018  11  13   7  20   0   -1648448.8309    490245.6015  -6121387.7608  -74 24 25.99223  163 26 15.43411     79.6430    0.0135    0.0124    0.0463
 2018  11  13   7  25   0   -1648448.8382    490245.6037  -6121387.7858  -74 24 25.99221  163 26 15.43411     79.6692    0.0134    0.0124    0.0463
 2018  11  13   7  30   0   -1648448.8450    490245.6017  -6121387.7920  -74 24 25.99208  163 26 15.43457     79.6768    0.0133    0.0123    0.0473
 2018  11  13   7  35   0   -1648448.8481    490245.5860  -6121387.7544  -74 24 25.99180  163 26 15.43649     79.6402    0.0132    0.0123    0.0456
 2018  11  13   7  40   0   -1648448.8519    490245.5831  -6121387.7647  -74 24 25.99180  163 26 15.43695     79.6508    0.0131    0.0123    0.0444
 2018  11  13   7  45   0   -1648448.8513    490245.5944  -6121387.8008  -74 24 25.99204  163 26 15.43563     79.6863    0.0130    0.0123    0.0439
 2018  11  13   7  50   0   -1648448.8343    490245.6052  -6121387.8181  -74 24 25.99260  163 26 15.43381     79.6994    0.0128    0.0153    0.0434
 2018  11  13   7  55   0   -1648448.8351    490245.6107  -6121387.8102  -74 24 25.99246  163 26 15.43321     79.6924    0.0126    0.0153    0.0422
 2018  11  13   8   0   0   -1648448.8458    490245.6052  -6121387.8050  -74 24 25.99214  163 26 15.43420     79.6897    0.0125    0.0163    0.0421
 2018  11  13   8   5   0   -1648448.8426    490245.6052  -6121387.7945  -74 24 25.99214  163 26 15.43409     79.6788    0.0124    0.0162    0.0434
 2018  11  13   8  10   0   -1648448.8324    490245.6045  -6121387.7473  -74 24 25.99205  163 26 15.43382     79.6307    0.0349    0.0218    0.0971
 2018  11  13   8  15   0   -1648448.8326    490245.6088  -6121387.7642  -74 24 25.99215  163 26 15.43333     79.6473    0.0153    0.0144    0.0535
 2018  11  13   8  20   0   -1648448.8232    490245.5961  -6121387.7839  -74 24 25.99271  163 26 15.43448     79.6629    0.0163    0.0143    0.0512
 2018  11  13   8  25   0   -1648448.8277    490245.5926  -6121387.7807  -74 24 25.99258  163 26 15.43503     79.6607    0.0165    0.0139    0.0518
 2018  11  13   8  30   0   -1648448.8266    490245.5891  -6121387.7527  -74 24 25.99240  163 26 15.43540     79.6332    0.0167    0.0137    0.0530
 2018  11  13   8  35   0   -1648448.8343    490245.5982  -6121387.7163  -74 24 25.99177  163 26 15.43461     79.6008    0.0168    0.0129    0.0526
 2018  11  13   8  40   0   -1648448.8337    490245.6120  -6121387.7410  -74 24 25.99188  163 26 15.43301     79.6255    0.0169    0.0130    0.0503
 2018  11  13   8  45   0   -1648448.8316    490245.6153  -6121387.7732  -74 24 25.99220  163 26 15.43256     79.6563    0.0169    0.0132    0.0497
 2018  11  13   8  50   0   -1648448.8257    490245.6049  -6121387.8104  -74 24 25.99279  163 26 15.43354     79.6898    0.0168    0.0134    0.0499
 2018  11  13   8  55   0   -1648448.8323    490245.6000  -6121387.7755  -74 24 25.99233  163 26 15.43434     79.6574    0.0165    0.0136    0.0509
 2018  11  13   9   0   0   -1648448.8234    490245.6002  -6121387.8024  -74 24 25.99283  163 26 15.43401     79.6811    0.0161    0.0138    0.0534
 2018  11  13   9   5   0   -1648448.8229    490245.5963  -6121387.7711  -74 24 25.99261  163 26 15.43444     79.6505    0.0144    0.0140    0.0512
 2018  11  13   9  10   0   -1648448.8189    490245.5953  -6121387.7614  -74 24 25.99265  163 26 15.43442     79.6400    0.0157    0.0139    0.0538
 2018  11  13   9  15   0   -1648448.8242    490245.5920  -6121387.7999  -74 24 25.99286  163 26 15.43498     79.6782    0.0157    0.0138    0.0572
 2018  11  13   9  20   0   -1648448.8220    490245.5933  -6121387.7855  -74 24 25.99278  163 26 15.43476     79.6639    0.0157    0.0137    0.0609
 2018  11  13   9  25   0   -1648448.8150    490245.5857  -6121387.7716  -74 24 25.99294  163 26 15.43539     79.6481    0.0156    0.0135    0.0643
 2018  11  13   9  30   0   -1648448.8071    490245.5765  -6121387.7339  -74 24 25.99293  163 26 15.43618     79.6091    0.0152    0.0132    0.0645
 2018  11  13   9  35   0   -1648448.8213    490245.5830  -6121387.7815  -74 24 25.99286  163 26 15.43591     79.6591    0.0148    0.0116    0.0600
 2018  11  13   9  40   0   -1648448.8202    490245.5919  -6121387.7756  -74 24 25.99277  163 26 15.43486     79.6538    0.0121    0.0115    0.0548
 2018  11  13   9  45   0   -1648448.8263    490245.5960  -6121387.7801  -74 24 25.99258  163 26 15.43459     79.6600    0.0121    0.0115    0.0490
 2018  11  13   9  50   0   -1648448.8234    490245.5979  -6121387.7853  -74 24 25.99270  163 26 15.43427     79.6644    0.0121    0.0115    0.0460
 2018  11  13   9  55   0   -1648448.8059    490245.5939  -6121387.7775  -74 24 25.99319  163 26 15.43413     79.6521    0.0115    0.0111    0.0436
 2018  11  13  10   0   0   -1648448.8037    490245.5846  -6121387.8001  -74 24 25.99353  163 26 15.43513     79.6726    0.0116    0.0111    0.0425
 2018  11  13  10   5   0   -1648448.8101    490245.5765  -6121387.7903  -74 24 25.99333  163 26 15.43628     79.6642    0.0116    0.0112    0.0422
 2018  11  13  10  10   0   -1648448.8072    490245.5803  -6121387.7603  -74 24 25.99312  163 26 15.43574     79.6348    0.0117    0.0112    0.0424
 2018  11  13  10  15   0   -1648448.8079    490245.5842  -6121387.7451  -74 24 25.99294  163 26 15.43532     79.6207    0.0117    0.0113    0.0438
 2018  11  13  10  20   0   -1648448.8000    490245.5928  -6121387.7312  -74 24 25.99297  163 26 15.43406     79.6059    0.0120    0.0113    0.0475
 2018  11  13  10  25   0   -1648448.7927    490245.5862  -6121387.7191  -74 24 25.99314  163 26 15.43456     79.5919    0.0134    0.0117    0.0523
 2018  11  13  10  30   0   -1648448.7964    490245.5845  -6121387.7574  -74 24 25.99338  163 26 15.43489     79.6295    0.0142    0.0121    0.0532
 2018  11  13  10  35   0   -1648448.7936    490245.5799  -6121387.7495  -74 24 25.99344  163 26 15.43532     79.6209    0.0146    0.0121    0.0522
 2018  11  13  10  40   0   -1648448.7967    490245.5895  -6121387.7656  -74 24 25.99340  163 26 15.43433     79.6380    0.0151    0.0122    0.0507
 2018  11  13  10  45   0   -1648448.7985    490245.5972  -6121387.7796  -74 24 25.99340  163 26 15.43350     79.6524    0.0154    0.0122    0.0488
 2018  11  13  10  50   0   -1648448.7963    490245.5967  -6121387.7424  -74 24 25.99315  163 26 15.43349     79.6161    0.0134    0.0120    0.0431
 2018  11  13  10  55   0   -1648448.7994    490245.5820  -6121387.7574  -74 24 25.99332  163 26 15.43528     79.6302    0.0135    0.0120    0.0413
 2018  11  13  11   0   0   -1648448.8029    490245.5676  -6121387.7778  -74 24 25.99351  163 26 15.43705     79.6496    0.0138    0.0120    0.0413
 2018  11  13  11   5   0   -1648448.7953    490245.5866  -6121387.8096  -74 24 25.99385  163 26 15.43460     79.6798    0.0140    0.0121    0.0437
 2018  11  13  11  10   0   -1648448.7884    490245.5849  -6121387.7791  -74 24 25.99380  163 26 15.43457     79.6484    0.0153    0.0166    0.0515
 2018  11  13  11  15   0   -1648448.7824    490245.5827  -6121387.7526  -74 24 25.99377  163 26 15.43461     79.6212    0.0157    0.0168    0.0559
 2018  11  13  11  20   0   -1648448.7841    490245.5869  -6121387.7725  -74 24 25.99386  163 26 15.43419     79.6412    0.0176    0.0169    0.0639
 2018  11  13  11  25   0   -1648448.7799    490245.5815  -6121387.7766  -74 24 25.99407  163 26 15.43467     79.6436    0.0183    0.0168    0.0691
 2018  11  13  11  30   0   -1648448.7799    490245.5824  -6121387.7894  -74 24 25.99417  163 26 15.43457     79.6560    0.0190    0.0167    0.0722
 2018  11  13  11  35   0   -1648448.7745    490245.5823  -6121387.7878  -74 24 25.99432  163 26 15.43439     79.6530    0.0195    0.0165    0.0724
 2018  11  13  11  40   0   -1648448.7757    490245.5845  -6121387.7881  -74 24 25.99426  163 26 15.43418     79.6539    0.0198    0.0163    0.0712
 2018  11  13  11  45   0   -1648448.7659    490245.5719  -6121387.7524  -74 24 25.99436  163 26 15.43530     79.6159    0.0195    0.0159    0.0614
 2018  11  13  11  50   0   -1648448.7736    490245.5777  -6121387.7819  -74 24 25.99433  163 26 15.43489     79.6468    0.0194    0.0159    0.0587
 2018  11  13  11  55   0   -1648448.7752    490245.5776  -6121387.8024  -74 24 25.99447  163 26 15.43496     79.6669    0.0189    0.0160    0.0564
 2018  11  13  12   0   0   -1648448.7748    490245.5797  -6121387.8275  -74 24 25.99468  163 26 15.43470     79.6912    0.0181    0.0160    0.0537
 2018  11  13  12   5   0   -1648448.7696    490245.5779  -6121387.7775  -74 24 25.99441  163 26 15.43474     79.6416    0.0134    0.0151    0.0428
 2018  11  13  12  10   0   -1648448.7617    490245.5810  -6121387.7683  -74 24 25.99454  163 26 15.43410     79.6309    0.0134    0.0150    0.0425
 2018  11  13  12  15   0   -1648448.7445    490245.5868  -6121387.7632  -74 24 25.99496  163 26 15.43285     79.6220    0.0134    0.0126    0.0408
 2018  11  13  12  20   0   -1648448.7453    490245.5768  -6121387.7552  -74 24 25.99495  163 26 15.43402     79.6137    0.0137    0.0126    0.0402
 2018  11  13  12  25   0   -1648448.7408    490245.5707  -6121387.7820  -74 24 25.99537  163 26 15.43457     79.6379    0.0132    0.0121    0.0411
 2018  11  13  12  30   0   -1648448.7369    490245.5748  -6121387.7804  -74 24 25.99544  163 26 15.43397     79.6357    0.0129    0.0120    0.0419
 2018  11  13  12  35   0   -1648448.7375    490245.5800  -6121387.7770  -74 24 25.99534  163 26 15.43339     79.6330    0.0127    0.0120    0.0402
 2018  11  13  12  40   0   -1648448.7352    490245.5830  -6121387.7642  -74 24 25.99528  163 26 15.43296     79.6202    0.0125    0.0120    0.0396
 2018  11  13  12  45   0   -1648448.7293    490245.5869  -6121387.7362  -74 24 25.99517  163 26 15.43232     79.5920    0.0124    0.0120    0.0398
 2018  11  13  12  50   0   -1648448.7298    490245.5924  -6121387.7189  -74 24 25.99496  163 26 15.43171     79.5759    0.0123    0.0121    0.0412
 2018  11  13  12  55   0   -1648448.7179    490245.5806  -6121387.7144  -74 24 25.99538  163 26 15.43265     79.5677    0.0123    0.0122    0.0412
 2018  11  13  13   0   0   -1648448.7211    490245.5903  -6121387.7597  -74 24 25.99559  163 26 15.43165     79.6129    0.0129    0.0135    0.0431
 2018  11  13  13   5   0   -1648448.7149    490245.5823  -6121387.7380  -74 24 25.99566  163 26 15.43235     79.5897    0.0130    0.0135    0.0440
 2018  11  13  13  10   0   -1648448.7168    490245.5836  -6121387.7377  -74 24 25.99559  163 26 15.43227     79.5901    0.0131    0.0135    0.0450
 2018  11  13  13  15   0   -1648448.7207    490245.5942  -6121387.6921  -74 24 25.99498  163 26 15.43118     79.5479    0.0144    0.0141    0.0510
 2018  11  13  13  20   0   -1648448.7088    490245.5883  -6121387.7034  -74 24 25.99549  163 26 15.43146     79.5553    0.0128    0.0132    0.0485
 2018  11  13  13  25   0   -1648448.7095    490245.5905  -6121387.6876  -74 24 25.99531  163 26 15.43123     79.5404    0.0131    0.0130    0.0521
 2018  11  13  13  30   0   -1648448.6996    490245.5833  -6121387.6997  -74 24 25.99577  163 26 15.43172     79.5489    0.0159    0.0132    0.0561
 2018  11  13  13  35   0   -1648448.6956    490245.5900  -6121387.6851  -74 24 25.99571  163 26 15.43081     79.5344    0.0166    0.0132    0.0559
 2018  11  13  13  40   0   -1648448.6964    490245.6054  -6121387.6803  -74 24 25.99551  163 26 15.42907     79.5312    0.0125    0.0126    0.0491
 2018  11  13  13  45   0   -1648448.6956    490245.5984  -6121387.7317  -74 24 25.99604  163 26 15.42984     79.5800    0.0126    0.0125    0.0463
 2018  11  13  13  50   0   -1648448.6969    490245.5914  -6121387.7335  -74 24 25.99607  163 26 15.43069     79.5814    0.0129    0.0126    0.0517
 2018  11  13  13  55   0   -1648448.6900    490245.5771  -6121387.7052  -74 24 25.99616  163 26 15.43210     79.5514    0.0133    0.0129    0.0507
 2018  11  13  14   0   0   -1648448.7066    490245.6016  -6121387.7385  -74 24 25.99574  163 26 15.42985     79.5896    0.0137    0.0132    0.0508
 2018  11  13  14   5   0   -1648448.7148    490245.6008  -6121387.7626  -74 24 25.99571  163 26 15.43023     79.6148    0.0143    0.0147    0.0527
 2018  11  13  14  10   0   -1648448.7018    490245.5967  -6121387.7608  -74 24 25.99612  163 26 15.43025     79.6094    0.0146    0.0147    0.0516
 2018  11  13  14  15   0   -1648448.6958    490245.6003  -6121387.7558  -74 24 25.99622  163 26 15.42963     79.6034    0.0150    0.0148    0.0513
 2018  11  13  14  20   0   -1648448.6907    490245.5988  -6121387.7668  -74 24 25.99648  163 26 15.42964     79.6125    0.0154    0.0148    0.0523
 2018  11  13  14  25   0   -1648448.6841    490245.6026  -6121387.7581  -74 24 25.99657  163 26 15.42897     79.6028    0.0154    0.0134    0.0523
 2018  11  13  14  30   0   -1648448.6906    490245.5938  -6121387.7750  -74 24 25.99660  163 26 15.43020     79.6200    0.0137    0.0131    0.0569
 2018  11  13  14  35   0   -1648448.6759    490245.5814  -6121387.7192  -74 24 25.99667  163 26 15.43113     79.5615    0.0144    0.0125    0.0518
 2018  11  13  14  40   0   -1648448.6641    490245.5856  -6121387.6573  -74 24 25.99644  163 26 15.43024     79.4992    0.0146    0.0126    0.0563
 2018  11  13  14  45   0   -1648448.6593    490245.5932  -6121387.6755  -74 24 25.99668  163 26 15.42920     79.5160    0.0176    0.0129    0.0624
 2018  11  13  14  50   0   -1648448.6581    490245.6007  -6121387.6805  -74 24 25.99669  163 26 15.42830     79.5211    0.0176    0.0131    0.0640
 2018  11  13  14  55   0   -1648448.6579    490245.6008  -6121387.7038  -74 24 25.99690  163 26 15.42828     79.5435    0.0177    0.0135    0.0668
 2018  11  13  15   0   0   -1648448.6543    490245.5978  -6121387.6957  -74 24 25.99696  163 26 15.42850     79.5346    0.0175    0.0137    0.0685
 2018  11  13  15   5   0   -1648448.6597    490245.5925  -6121387.6772  -74 24 25.99669  163 26 15.42929     79.5177    0.0160    0.0117    0.0548
 2018  11  13  15  10   0   -1648448.6599    490245.5899  -6121387.6915  -74 24 25.99683  163 26 15.42961     79.5313    0.0157    0.0118    0.0534
 2018  11  13  15  15   0   -1648448.6627    490245.5901  -6121387.7284  -74 24 25.99706  163 26 15.42967     79.5676    0.0153    0.0119    0.0523
 2018  11  13  15  20   0   -1648448.6514    490245.5991  -6121387.7327  -74 24 25.99735  163 26 15.42825     79.5696    0.0149    0.0120    0.0514
 2018  11  13  15  25   0   -1648448.6443    490245.6016  -6121387.7058  -74 24 25.99731  163 26 15.42772     79.5420    0.0153    0.0123    0.0515
 2018  11  13  15  30   0   -1648448.6485    490245.6012  -6121387.6910  -74 24 25.99706  163 26 15.42791     79.5288    0.0146    0.0125    0.0531
 2018  11  13  15  35   0   -1648448.6665    490245.5992  -6121387.6939  -74 24 25.99657  163 26 15.42876     79.5361    0.0147    0.0140    0.0636
 2018  11  13  15  40   0   -1648448.6857    490245.5998  -6121387.7413  -74 24 25.99640  163 26 15.42935     79.5867    0.0145    0.0132    0.0505
 2018  11  13  15  45   0   -1648448.6859    490245.5993  -6121387.7651  -74 24 25.99661  163 26 15.42941     79.6096    0.0160    0.0125    0.0485
 2018  11  13  15  50   0   -1648448.6841    490245.5944  -6121387.7754  -74 24 25.99680  163 26 15.42991     79.6188    0.0162    0.0128    0.0474
 2018  11  13  15  55   0   -1648448.6833    490245.5913  -6121387.7890  -74 24 25.99696  163 26 15.43024     79.6314    0.0161    0.0130    0.0471
 2018  11  13  16   0   0   -1648448.6831    490245.5985  -6121387.7760  -74 24 25.99679  163 26 15.42941     79.6194    0.0160    0.0132    0.0469
 2018  11  13  16   5   0   -1648448.6757    490245.6066  -6121387.7801  -74 24 25.99698  163 26 15.42822     79.6220    0.0158    0.0135    0.0473
 2018  11  13  16  10   0   -1648448.6760    490245.6039  -6121387.7864  -74 24 25.99705  163 26 15.42855     79.6280    0.0157    0.0137    0.0488
 2018  11  13  16  15   0   -1648448.6831    490245.6034  -6121387.8628  -74 24 25.99750  163 26 15.42885     79.7033    0.0159    0.0139    0.0517
 2018  11  13  16  20   0   -1648448.6795    490245.6035  -6121387.8308  -74 24 25.99733  163 26 15.42871     79.6716    0.0157    0.0141    0.0524
 2018  11  13  16  25   0   -1648448.6825    490245.6070  -6121387.8424  -74 24 25.99731  163 26 15.42841     79.6838    0.0156    0.0143    0.0551
 2018  11  13  16  30   0   -1648448.6866    490245.6030  -6121387.8160  -74 24 25.99700  163 26 15.42901     79.6592    0.0188    0.0144    0.0616
 2018  11  13  16  35   0   -1648448.6954    490245.6015  -6121387.8218  -74 24 25.99680  163 26 15.42948     79.6669    0.0178    0.0145    0.0529
 2018  11  13  16  40   0   -1648448.6963    490245.6072  -6121387.8428  -74 24 25.99690  163 26 15.42886     79.6878    0.0168    0.0145    0.0495
 2018  11  13  16  45   0   -1648448.6891    490245.6052  -6121387.8375  -74 24 25.99709  163 26 15.42884     79.6807    0.0160    0.0146    0.0469
 2018  11  13  16  50   0   -1648448.6748    490245.6052  -6121387.8348  -74 24 25.99749  163 26 15.42836     79.6744    0.0153    0.0145    0.0450
 2018  11  13  16  55   0   -1648448.6650    490245.6090  -6121387.8145  -74 24 25.99757  163 26 15.42758     79.6526    0.0141    0.0144    0.0430
 2018  11  13  17   0   0   -1648448.6603    490245.6030  -6121387.8259  -74 24 25.99787  163 26 15.42811     79.6619    0.0140    0.0142    0.0416
 2018  11  13  17   5   0   -1648448.6577    490245.5979  -6121387.8262  -74 24 25.99799  163 26 15.42860     79.6612    0.0149    0.0142    0.0418
 2018  11  13  17  10   0   -1648448.6607    490245.6061  -6121387.8038  -74 24 25.99763  163 26 15.42776     79.6409    0.0170    0.0143    0.0472
 2018  11  13  17  15   0   -1648448.6609    490245.6188  -6121387.7905  -74 24 25.99740  163 26 15.42631     79.6292    0.0167    0.0142    0.0484
 2018  11  13  17  20   0   -1648448.6660    490245.6199  -6121387.8006  -74 24 25.99733  163 26 15.42636     79.6403    0.0165    0.0142    0.0505
 2018  11  13  17  25   0   -1648448.6652    490245.6136  -6121387.8047  -74 24 25.99744  163 26 15.42706     79.6435    0.0163    0.0142    0.0542
 2018  11  13  17  30   0   -1648448.6611    490245.6068  -6121387.7565  -74 24 25.99721  163 26 15.42770     79.5956    0.0161    0.0143    0.0606
 2018  11  13  17  35   0   -1648448.6548    490245.6142  -6121387.7903  -74 24 25.99762  163 26 15.42664     79.6270    0.0159    0.0144    0.0625
 2018  11  13  17  40   0   -1648448.6298    490245.5952  -6121387.7732  -74 24 25.99839  163 26 15.42796     79.6027    0.0218    0.0154    0.0673
 2018  11  13  17  45   0   -1648448.6415    490245.5961  -6121387.7882  -74 24 25.99816  163 26 15.42825     79.6202    0.0215    0.0152    0.0593
 2018  11  13  17  50   0   -1648448.6446    490245.5995  -6121387.8131  -74 24 25.99825  163 26 15.42797     79.6452    0.0210    0.0161    0.0570
 2018  11  13  17  55   0   -1648448.6334    490245.6084  -6121387.8214  -74 24 25.99858  163 26 15.42657     79.6510    0.0200    0.0140    0.0513
 2018  11  13  18   0   0   -1648448.6309    490245.5952  -6121387.8430  -74 24 25.99896  163 26 15.42800     79.6702    0.0197    0.0131    0.0479
 2018  11  13  18   5   0   -1648448.6342    490245.6000  -6121387.8589  -74 24 25.99895  163 26 15.42756     79.6867    0.0194    0.0132    0.0490
 2018  11  13  18  10   0   -1648448.6290    490245.6078  -6121387.8413  -74 24 25.99889  163 26 15.42649     79.6690    0.0191    0.0134    0.0513
 2018  11  13  18  15   0   -1648448.6308    490245.6103  -6121387.8088  -74 24 25.99853  163 26 15.42626     79.6384    0.0189    0.0137    0.0549
 2018  11  13  18  20   0   -1648448.6289    490245.5990  -6121387.7975  -74 24 25.99859  163 26 15.42750     79.6262    0.0233    0.0148    0.0663
 2018  11  13  18  25   0   -1648448.6283    490245.5952  -6121387.8131  -74 24 25.99878  163 26 15.42791     79.6408    0.0177    0.0139    0.0615
 2018  11  13  18  30   0   -1648448.6382    490245.6029  -6121387.7896  -74 24 25.99821  163 26 15.42736     79.6213    0.0147    0.0139    0.0595
 2018  11  13  18  35   0   -1648448.6377    490245.6050  -6121387.8061  -74 24 25.99835  163 26 15.42710     79.6372    0.0137    0.0138    0.0547
 2018  11  13  18  40   0   -1648448.6392    490245.6089  -6121387.8351  -74 24 25.99852  163 26 15.42671     79.6658    0.0139    0.0137    0.0519
 2018  11  13  18  45   0   -1648448.6352    490245.6091  -6121387.8268  -74 24 25.99856  163 26 15.42655     79.6568    0.0141    0.0136    0.0504
 2018  11  13  18  50   0   -1648448.6257    490245.6048  -6121387.7812  -74 24 25.99849  163 26 15.42672     79.6101    0.0143    0.0135    0.0498
 2018  11  13  18  55   0   -1648448.6219    490245.6058  -6121387.7477  -74 24 25.99830  163 26 15.42647     79.5769    0.0146    0.0134    0.0504
 2018  11  13  19   0   0   -1648448.6198    490245.6040  -6121387.7509  -74 24 25.99841  163 26 15.42661     79.5793    0.0151    0.0136    0.0489
 2018  11  13  19   5   0   -1648448.6162    490245.6131  -6121387.7611  -74 24 25.99853  163 26 15.42544     79.5889    0.0183    0.0140    0.0542
 2018  11  13  19  10   0   -1648448.6150    490245.6146  -6121387.7628  -74 24 25.99856  163 26 15.42522     79.5904    0.0188    0.0139    0.0541
 2018  11  13  19  15   0   -1648448.6155    490245.6095  -6121387.7816  -74 24 25.99876  163 26 15.42583     79.6082    0.0193    0.0138    0.0543
 2018  11  13  19  20   0   -1648448.6146    490245.6050  -6121387.8065  -74 24 25.99904  163 26 15.42632     79.6316    0.0197    0.0138    0.0552
 2018  11  13  19  25   0   -1648448.6120    490245.6003  -6121387.7876  -74 24 25.99899  163 26 15.42676     79.6124    0.0201    0.0138    0.0576
 2018  11  13  19  30   0   -1648448.6080    490245.5994  -6121387.7798  -74 24 25.99905  163 26 15.42673     79.6038    0.0204    0.0139    0.0623
 2018  11  13  19  35   0   -1648448.6044    490245.6164  -6121387.7624  -74 24 25.99886  163 26 15.42465     79.5873    0.0207    0.0140    0.0621
 2018  11  13  19  40   0   -1648448.6010    490245.6280  -6121387.7688  -74 24 25.99891  163 26 15.42321     79.5935    0.0210    0.0140    0.0627
 2018  11  13  19  45   0   -1648448.6001    490245.6268  -6121387.7337  -74 24 25.99865  163 26 15.42331     79.5594    0.0182    0.0141    0.0568
 2018  11  13  19  50   0   -1648448.6000    490245.6070  -6121387.7180  -74 24 25.99869  163 26 15.42559     79.5428    0.0181    0.0137    0.0520
 2018  11  13  19  55   0   -1648448.5934    490245.6148  -6121387.7781  -74 24 25.99934  163 26 15.42447     79.5995    0.0182    0.0137    0.0505
 2018  11  13  20   0   0   -1648448.5971    490245.6167  -6121387.7934  -74 24 25.99934  163 26 15.42437     79.6153    0.0200    0.0203    0.0607
 2018  11  13  20   5   0   -1648448.6010    490245.6138  -6121387.7390  -74 24 25.99878  163 26 15.42484     79.5637    0.0211    0.0210    0.0642
 2018  11  13  20  10   0   -1648448.5981    490245.6182  -6121387.7276  -74 24 25.99873  163 26 15.42423     79.5523    0.0223    0.0217    0.0684
 2018  11  13  20  15   0   -1648448.6005    490245.6203  -6121387.7630  -74 24 25.99895  163 26 15.42408     79.5873    0.0234    0.0222    0.0720
 2018  11  13  20  20   0   -1648448.5875    490245.6279  -6121387.7932  -74 24 25.99953  163 26 15.42276     79.6136    0.0241    0.0223    0.0740
 2018  11  13  20  25   0   -1648448.5888    490245.6317  -6121387.7930  -74 24 25.99945  163 26 15.42237     79.6140    0.0240    0.0219    0.0742
 2018  11  13  20  30   0   -1648448.5877    490245.6317  -6121387.7918  -74 24 25.99948  163 26 15.42233     79.6125    0.0233    0.0213    0.0739
 2018  11  13  20  35   0   -1648448.5967    490245.6331  -6121387.8044  -74 24 25.99931  163 26 15.42247     79.6271    0.0162    0.0169    0.0519
 2018  11  13  20  40   0   -1648448.5936    490245.6347  -6121387.7713  -74 24 25.99910  163 26 15.42218     79.5946    0.0159    0.0170    0.0480
 2018  11  13  20  45   0   -1648448.5957    490245.6420  -6121387.8085  -74 24 25.99929  163 26 15.42141     79.6315    0.0156    0.0168    0.0471
 2018  11  13  20  50   0   -1648448.5739    490245.6320  -6121387.8084  -74 24 26.00003  163 26 15.42183     79.6250    0.0149    0.0161    0.0460
 2018  11  13  20  55   0   -1648448.5665    490245.6318  -6121387.7807  -74 24 26.00001  163 26 15.42159     79.5964    0.0179    0.0164    0.0504
 2018  11  13  21   0   0   -1648448.5653    490245.6387  -6121387.7557  -74 24 25.99977  163 26 15.42076     79.5725    0.0186    0.0166    0.0541
 2018  11  13  21   5   0   -1648448.5584    490245.6436  -6121387.7172  -74 24 25.99960  163 26 15.41996     79.5340    0.0189    0.0191    0.0596
 2018  11  13  21  10   0   -1648448.5615    490245.6464  -6121387.7337  -74 24 25.99962  163 26 15.41975     79.5510    0.0190    0.0196    0.0641
 2018  11  13  21  15   0   -1648448.5515    490245.6452  -6121387.7243  -74 24 25.99985  163 26 15.41954     79.5392    0.0190    0.0200    0.0680
 2018  11  13  21  20   0   -1648448.5481    490245.6422  -6121387.7347  -74 24 26.00007  163 26 15.41977     79.5482    0.0190    0.0203    0.0703
 2018  11  13  21  25   0   -1648448.5462    490245.6425  -6121387.7537  -74 24 26.00029  163 26 15.41967     79.5660    0.0188    0.0203    0.0705
 2018  11  13  21  30   0   -1648448.5549    490245.6510  -6121387.7822  -74 24 26.00020  163 26 15.41899     79.5963    0.0185    0.0202    0.0694
 2018  11  13  21  35   0   -1648448.5512    490245.6543  -6121387.7834  -74 24 26.00029  163 26 15.41848     79.5968    0.0181    0.0199    0.0652
 2018  11  13  21  40   0   -1648448.5508    490245.6489  -6121387.7863  -74 24 26.00037  163 26 15.41909     79.5991    0.0176    0.0175    0.0581
 2018  11  13  21  45   0   -1648448.5385    490245.6474  -6121387.7639  -74 24 26.00056  163 26 15.41884     79.5742    0.0173    0.0177    0.0564
 2018  11  13  21  50   0   -1648448.5428    490245.6496  -6121387.7639  -74 24 26.00041  163 26 15.41874     79.5756    0.0168    0.0160    0.0551
 2018  11  13  21  55   0   -1648448.5481    490245.6530  -6121387.7889  -74 24 26.00044  163 26 15.41852     79.6012    0.0163    0.0180    0.0513
 2018  11  13  22   0   0   -1648448.5555    490245.6520  -6121387.8072  -74 24 26.00039  163 26 15.41889     79.6206    0.0158    0.0181    0.0488
 2018  11  13  22   5   0   -1648448.5638    490245.6568  -6121387.8436  -74 24 26.00041  163 26 15.41862     79.6582    0.0154    0.0182    0.0475
 2018  11  13  22  10   0   -1648448.5525    490245.6554  -6121387.8437  -74 24 26.00076  163 26 15.41840     79.6553    0.0151    0.0182    0.0474
 2018  11  13  22  15   0   -1648448.5516    490245.6570  -6121387.8300  -74 24 26.00066  163 26 15.41819     79.6420    0.0150    0.0183    0.0489
 2018  11  13  22  20   0   -1648448.5524    490245.6564  -6121387.7986  -74 24 26.00037  163 26 15.41828     79.6119    0.0153    0.0183    0.0526
 2018  11  13  22  25   0   -1648448.5512    490245.6556  -6121387.8139  -74 24 26.00054  163 26 15.41833     79.6263    0.0165    0.0183    0.0596
 2018  11  13  22  30   0   -1648448.5556    490245.6660  -6121387.8220  -74 24 26.00039  163 26 15.41729     79.6360    0.0313    0.0183    0.0793
 2018  11  13  22  35   0   -1648448.5545    490245.6725  -6121387.8505  -74 24 26.00061  163 26 15.41650     79.6637    0.0285    0.0182    0.0722
 2018  11  13  22  40   0   -1648448.5579    490245.6744  -6121387.8395  -74 24 26.00040  163 26 15.41641     79.6541    0.0264    0.0182    0.0667
 2018  11  13  22  45   0   -1648448.5578    490245.6619  -6121387.8273  -74 24 26.00041  163 26 15.41783     79.6414    0.0178    0.0181    0.0548
 2018  11  13  22  50   0   -1648448.5594    490245.6611  -6121387.8584  -74 24 26.00064  163 26 15.41798     79.6717    0.0175    0.0180    0.0525
 2018  11  13  22  55   0   -1648448.5647    490245.6715  -6121387.8841  -74 24 26.00061  163 26 15.41697     79.6986    0.0171    0.0226    0.0575
 2018  11  13  23   0   0   -1648448.5728    490245.6686  -6121387.8455  -74 24 26.00006  163 26 15.41758     79.6633    0.0172    0.0207    0.0548
 2018  11  13  23   5   0   -1648448.5746    490245.6785  -6121387.8433  -74 24 25.99990  163 26 15.41650     79.6623    0.0173    0.0207    0.0548
 2018  11  13  23  10   0   -1648448.5832    490245.6876  -6121387.8661  -74 24 25.99976  163 26 15.41575     79.6872    0.0174    0.0213    0.0672
 2018  11  13  23  15   0   -1648448.5878    490245.6944  -6121387.9189  -74 24 26.00002  163 26 15.41512     79.7398    0.0185    0.0214    0.0680
 2018  11  13  23  20   0   -1648448.5830    490245.6833  -6121387.8715  -74 24 25.99985  163 26 15.41624     79.6921    0.0156    0.0202    0.0665
 2018  11  13  23  25   0   -1648448.5795    490245.6821  -6121387.8842  -74 24 26.00008  163 26 15.41625     79.7033    0.0159    0.0202    0.0714
 2018  11  13  23  30   0   -1648448.5817    490245.6842  -6121387.8957  -74 24 26.00009  163 26 15.41609     79.7151    0.0163    0.0204    0.0800
 2018  11  13  23  35   0   -1648448.5929    490245.6855  -6121387.9192  -74 24 25.99995  163 26 15.41632     79.7407    0.0165    0.0206    0.0808
 2018  11  13  23  40   0   -1648448.6057    490245.6792  -6121387.9408  -74 24 25.99981  163 26 15.41748     79.7643    0.0168    0.0211    0.0857
 2018  11  13  23  45   0   -1648448.5805    490245.6789  -6121387.9012  -74 24 26.00022  163 26 15.41666     79.7197    0.0172    0.0220    0.0928
