#Station: base
#YEAR  MTH DAY HOU MIN SEC  X              Y              Z              LAT              LON              HEI         SIGLAT    SIGLON    SIGHEI  
#                           m              m              m              ddd mm ss.sssss  ddd mm ss.sssss  m           m         m         m       
#----  --- --- --- --- ---  -------------  -------------  -------------  ---------------  ---------------  ----------  --------  --------  --------
 2018  11  13   0   5   0   -1651355.0969    495182.8159  -6121182.1616  -74 22 13.82492  163 18 28.35768   1011.2058    0.0180    0.0174    0.0709
 2018  11  13   0  10   0   -1651355.1029    495182.8159  -6121182.1813  -74 22 13.82491  163 18 28.35789   1011.2264    0.0188    0.0176    0.0738
 2018  11  13   0  15   0   -1651355.0982    495182.8162  -6121182.1912  -74 22 13.82514  163 18 28.35769   1011.2347    0.0197    0.0176    0.0785
 2018  11  13   0  20   0   -1651355.1030    495182.8151  -6121182.2020  -74 22 13.82510  163 18 28.35798   1011.2463    0.0204    0.0174    0.0834
 2018  11  13   0  25   0   -1651355.1063    495182.8126  -6121182.2295  -74 22 13.82526  163 18 28.35839   1011.2734    0.0155    0.0163    0.0715
 2018  11  13   0  30   0   -1651355.1131    495182.8108  -6121182.2441  -74 22 13.82520  163 18 28.35883   1011.2891    0.0153    0.0158    0.0674
 2018  11  13   0  35   0   -1651355.1107    495182.8123  -6121182.2959  -74 22 13.82571  163 18 28.35857   1011.3385    0.0152    0.0152    0.0620
 2018  11  13   0  40   0   -1651355.1146    495182.8149  -6121182.2411  -74 22 13.82509  163 18 28.35840   1011.2869    0.0151    0.0146    0.0582
 2018  11  13   0  45   0   -1651355.1138    495182.8156  -6121182.2525  -74 22 13.82521  163 18 28.35830   1011.2977    0.0128    0.0134    0.0509
 2018  11  13   0  50   0   -1651355.1206    495182.8129  -6121182.2923  -74 22 13.82538  163 18 28.35884   1011.3376    0.0124    0.0127    0.0464
 2018  11  13   0  55   0   -1651355.1258    495182.8147  -6121182.3144  -74 22 13.82540  163 18 28.35881   1011.3604    0.0124    0.0125    0.0431
 2018  11  13   1   0   0   -1651355.1273    495182.8132  -6121182.3093  -74 22 13.82532  163 18 28.35903   1011.3557    0.0125    0.0124    0.0418
 2018  11  13   1   5   0   -1651355.1301    495182.8139  -6121182.3080  -74 22 13.82522  163 18 28.35905   1011.3553    0.0125    0.0124    0.0415
 2018  11  13   1  10   0   -1651355.1339    495182.8175  -6121182.3151  -74 22 13.82514  163 18 28.35877   1011.3634    0.0126    0.0123    0.0417
 2018  11  13   1  15   0   -1651355.1276    495182.8161  -6121182.3061  -74 22 13.82526  163 18 28.35872   1011.3530    0.0126    0.0123    0.0420
 2018  11  13   1  20   0   -1651355.1362    495182.8204  -6121182.3323  -74 22 13.82519  163 18 28.35851   1011.3807    0.0125    0.0122    0.0428
 2018  11  13   1  25   0   -1651355.1359    495182.8201  -6121182.3362  -74 22 13.82524  163 18 28.35854   1011.3844    0.0125    0.0122    0.0447
 2018  11  13   1  30   0   -1651355.1328    495182.8151  -6121182.3149  -74 22 13.82519  163 18 28.35900   1011.3627    0.0125    0.0123    0.0485
 2018  11  13   1  35   0   -1651355.1377    495182.8191  -6121182.3229  -74 22 13.82508  163 18 28.35872   1011.3720    0.0116    0.0123    0.0503
 2018  11  13   1  40   0   -1651355.1389    495182.8141  -6121182.3187  -74 22 13.82505  163 18 28.35933   1011.3679    0.0125    0.0127    0.0520
 2018  11  13   1  45   0   -1651355.1573    495182.8296  -6121182.3816  -74 22 13.82491  163 18 28.35819   1011.4344    0.0136    0.0158    0.0564
 2018  11  13   1  50   0   -1651355.1487    495182.8318  -6121182.3812  -74 22 13.82514  163 18 28.35764   1011.4319    0.0136    0.0159    0.0562
 2018  11  13   1  55   0   -1651355.1472    495182.8233  -6121182.3396  -74 22 13.82490  163 18 28.35856   1011.3908    0.0144    0.0161    0.0615
 2018  11  13   2   0   0   -1651355.1552    495182.8297  -6121182.3770  -74 22 13.82493  163 18 28.35810   1011.4294    0.0149    0.0160    0.0612
 2018  11  13   2   5   0   -1651355.1577    495182.8299  -6121182.3611  -74 22 13.82472  163 18 28.35816   1011.4148    0.0153    0.0158    0.0598
 2018  11  13   2  10   0   -1651355.1690    495182.8269  -6121182.3693  -74 22 13.82448  163 18 28.35890   1011.4253    0.0157    0.0148    0.0532
 2018  11  13   2  15   0   -1651355.1638    495182.8276  -6121182.3932  -74 22 13.82484  163 18 28.35864   1011.4471    0.0159    0.0147    0.0527
 2018  11  13   2  20   0   -1651355.1599    495182.8308  -6121182.3717  -74 22 13.82474  163 18 28.35814   1011.4256    0.0144    0.0119    0.0464
 2018  11  13   2  25   0   -1651355.1755    495182.8215  -6121182.3754  -74 22 13.82439  163 18 28.35974   1011.4324    0.0146    0.0121    0.0488
 2018  11  13   2  30   0   -1651355.1702    495182.8295  -6121182.3222  -74 22 13.82401  163 18 28.35864   1011.3805    0.0163    0.0134    0.0540
 2018  11  13   2  35   0   -1651355.1626    495182.8325  -6121182.3269  -74 22 13.82425  163 18 28.35803   1011.3833    0.0167    0.0136    0.0534
 2018  11  13   2  40   0   -1651355.1715    495182.8291  -6121182.3617  -74 22 13.82432  163 18 28.35873   1011.4188    0.0163    0.0123    0.0461
 2018  11  13   2  45   0   -1651355.1713    495182.8215  -6121182.3590  -74 22 13.82437  163 18 28.35959   1011.4156    0.0163    0.0122    0.0439
 2018  11  13   2  50   0   -1651355.1738    495182.8240  -6121182.3380  -74 22 13.82409  163 18 28.35940   1011.3962    0.0152    0.0117    0.0404
 2018  11  13   2  55   0   -1651355.1787    495182.8241  -6121182.3346  -74 22 13.82391  163 18 28.35955   1011.3942    0.0147    0.0118    0.0392
 2018  11  13   3   0   0   -1651355.1752    495182.8264  -6121182.3833  -74 22 13.82442  163 18 28.35917   1011.4404    0.0147    0.0120    0.0387
 2018  11  13   3   5   0   -1651355.1892    495182.8200  -6121182.3752  -74 22 13.82399  163 18 28.36039   1011.4357    0.0146    0.0123    0.0387
 2018  11  13   3  10   0   -1651355.1809    495182.8268  -6121182.3522  -74 22 13.82398  163 18 28.35931   1011.4120    0.0113    0.0123    0.0351
 2018  11  13   3  15   0   -1651355.1802    495182.8242  -6121182.3907  -74 22 13.82436  163 18 28.35959   1011.4486    0.0113    0.0125    0.0356
 2018  11  13   3  20   0   -1651355.1896    495182.8221  -6121182.3792  -74 22 13.82400  163 18 28.36015   1011.4398    0.0113    0.0127    0.0376
 2018  11  13   3  25   0   -1651355.1919    495182.8219  -6121182.3848  -74 22 13.82398  163 18 28.36025   1011.4458    0.0113    0.0129    0.0419
 2018  11  13   3  30   0   -1651355.1891    495182.8187  -6121182.3711  -74 22 13.82397  163 18 28.36053   1011.4316    0.0130    0.0131    0.0426
 2018  11  13   3  35   0   -1651355.1939    495182.8220  -6121182.3702  -74 22 13.82379  163 18 28.36031   1011.4322    0.0132    0.0132    0.0434
 2018  11  13   3  40   0   -1651355.1992    495182.8208  -6121182.3655  -74 22 13.82360  163 18 28.36063   1011.4290    0.0134    0.0132    0.0445
 2018  11  13   3  45   0   -1651355.1980    495182.8201  -6121182.3876  -74 22 13.82384  163 18 28.36068   1011.4500    0.0136    0.0133    0.0457
 2018  11  13   3  50   0   -1651355.2011    495182.8193  -6121182.3684  -74 22 13.82359  163 18 28.36087   1011.4322    0.0138    0.0123    0.0430
 2018  11  13   3  55   0   -1651355.2058    495182.8155  -6121182.3730  -74 22 13.82352  163 18 28.36147   1011.4375    0.0141    0.0133    0.0466
 2018  11  13   4   0   0   -1651355.2022    495182.8175  -6121182.3880  -74 22 13.82374  163 18 28.36111   1011.4512    0.0143    0.0123    0.0433
 2018  11  13   4   5   0   -1651355.1986    495182.8157  -6121182.3829  -74 22 13.82382  163 18 28.36120   1011.4452    0.0144    0.0123    0.0434
 2018  11  13   4  10   0   -1651355.2028    495182.8084  -6121182.3957  -74 22 13.82387  163 18 28.36218   1011.4580    0.0145    0.0123    0.0434
 2018  11  13   4  15   0   -1651355.2072    495182.8168  -6121182.3897  -74 22 13.82361  163 18 28.36137   1011.4541    0.0144    0.0123    0.0437
 2018  11  13   4  20   0   -1651355.2116    495182.8085  -6121182.3731  -74 22 13.82341  163 18 28.36247   1011.4385    0.0143    0.0123    0.0452
 2018  11  13   4  25   0   -1651355.2114    495182.8114  -6121182.3794  -74 22 13.82344  163 18 28.36213   1011.4448    0.0142    0.0135    0.0462
 2018  11  13   4  30   0   -1651355.2111    495182.8124  -6121182.3881  -74 22 13.82352  163 18 28.36200   1011.4532    0.0116    0.0132    0.0422
 2018  11  13   4  35   0   -1651355.2115    495182.8090  -6121182.3960  -74 22 13.82361  163 18 28.36241   1011.4606    0.0115    0.0132    0.0393
 2018  11  13   4  40   0   -1651355.2101    495182.8030  -6121182.3842  -74 22 13.82360  163 18 28.36305   1011.4484    0.0116    0.0131    0.0375
 2018  11  13   4  45   0   -1651355.2107    495182.8009  -6121182.3936  -74 22 13.82368  163 18 28.36331   1011.4575    0.0111    0.0129    0.0369
 2018  11  13   4  50   0   -1651355.2045    495182.7963  -6121182.3859  -74 22 13.82384  163 18 28.36362   1011.4481    0.0111    0.0129    0.0358
 2018  11  13   4  55   0   -1651355.2051    495182.7966  -6121182.3708  -74 22 13.82369  163 18 28.36361   1011.4337    0.0132    0.0130    0.0377
 2018  11  13   5   0   0   -1651355.2136    495182.7895  -6121182.3771  -74 22 13.82356  163 18 28.36472   1011.4415    0.0135    0.0129    0.0380
 2018  11  13   5   5   0   -1651355.2156    495182.7905  -6121182.3925  -74 22 13.82362  163 18 28.36467   1011.4568    0.0139    0.0138    0.0403
 2018  11  13   5  10   0   -1651355.2125    495182.7919  -6121182.3855  -74 22 13.82364  163 18 28.36441   1011.4495    0.0142    0.0139    0.0412
 2018  11  13   5  15   0   -1651355.2112    495182.7929  -6121182.3827  -74 22 13.82365  163 18 28.36425   1011.4465    0.0171    0.0154    0.0513
 2018  11  13   5  20   0   -1651355.2099    495182.7921  -6121182.3809  -74 22 13.82368  163 18 28.36430   1011.4444    0.0178    0.0152    0.0537
 2018  11  13   5  25   0   -1651355.2149    495182.7829  -6121182.3894  -74 22 13.82368  163 18 28.36551   1011.4531    0.0183    0.0151    0.0571
 2018  11  13   5  30   0   -1651355.2182    495182.7849  -6121182.3910  -74 22 13.82358  163 18 28.36540   1011.4557    0.0186    0.0156    0.0586
 2018  11  13   5  35   0   -1651355.2176    495182.7834  -6121182.3827  -74 22 13.82354  163 18 28.36555   1011.4474    0.0186    0.0155    0.0574
 2018  11  13   5  40   0   -1651355.2138    495182.7715  -6121182.4093  -74 22 13.82399  163 18 28.36679   1011.4712    0.0185    0.0154    0.0559
 2018  11  13   5  45   0   -1651355.2178    495182.7701  -6121182.4148  -74 22 13.82393  163 18 28.36708   1011.4774    0.0160    0.0140    0.0457
 2018  11  13   5  50   0   -1651355.2127    495182.7709  -6121182.3713  -74 22 13.82370  163 18 28.36681   1011.4342    0.0161    0.0138    0.0442
 2018  11  13   5  55   0   -1651355.2142    495182.7649  -6121182.3845  -74 22 13.82382  163 18 28.36755   1011.4468    0.0160    0.0127    0.0432
 2018  11  13   6   0   0   -1651355.2068    495182.7634  -6121182.3353  -74 22 13.82363  163 18 28.36748   1011.3975    0.0154    0.0122    0.0410
 2018  11  13   6   5   0   -1651355.2100    495182.7623  -6121182.3453  -74 22 13.82363  163 18 28.36771   1011.4078    0.0153    0.0123    0.0411
 2018  11  13   6  10   0   -1651355.2106    495182.7589  -6121182.3412  -74 22 13.82360  163 18 28.36812   1011.4037    0.0151    0.0125    0.0417
 2018  11  13   6  15   0   -1651355.2073    495182.7581  -6121182.3727  -74 22 13.82398  163 18 28.36810   1011.4332    0.0147    0.0126    0.0432
 2018  11  13   6  20   0   -1651355.2054    495182.7534  -6121182.3784  -74 22 13.82413  163 18 28.36857   1011.4378    0.0152    0.0128    0.0439
 2018  11  13   6  25   0   -1651355.1988    495182.7499  -6121182.3742  -74 22 13.82432  163 18 28.36875   1011.4318    0.0149    0.0129    0.0460
 2018  11  13   6  30   0   -1651355.2033    495182.7478  -6121182.3738  -74 22 13.82421  163 18 28.36915   1011.4324    0.0148    0.0131    0.0502
 2018  11  13   6  35   0   -1651355.2054    495182.7443  -6121182.3554  -74 22 13.82401  163 18 28.36962   1011.4149    0.0132    0.0133    0.0451
 2018  11  13   6  40   0   -1651355.2043    495182.7413  -6121182.3437  -74 22 13.82397  163 18 28.36992   1011.4032    0.0129    0.0133    0.0432
 2018  11  13   6  45   0   -1651355.2082    495182.7344  -6121182.3271  -74 22 13.82377  163 18 28.37084   1011.3877    0.0128    0.0132    0.0425
 2018  11  13   6  50   0   -1651355.1891    495182.7354  -6121182.3063  -74 22 13.82415  163 18 28.37008   1011.3628    0.0116    0.0124    0.0396
 2018  11  13   6  55   0   -1651355.1930    495182.7352  -6121182.3045  -74 22 13.82402  163 18 28.37023   1011.3620    0.0115    0.0124    0.0388
 2018  11  13   7   0   0   -1651355.1891    495182.7330  -6121182.3173  -74 22 13.82427  163 18 28.37035   1011.3732    0.0114    0.0124    0.0387
 2018  11  13   7   5   0   -1651355.1880    495182.7310  -6121182.3143  -74 22 13.82429  163 18 28.37054   1011.3699    0.0113    0.0124    0.0391
 2018  11  13   7  10   0   -1651355.1870    495182.7311  -6121182.3097  -74 22 13.82428  163 18 28.37049   1011.3651    0.0113    0.0124    0.0401
 2018  11  13   7  15   0   -1651355.1880    495182.7280  -6121182.3226  -74 22 13.82439  163 18 28.37089   1011.3776    0.0114    0.0123    0.0426
 2018  11  13   7  20   0   -1651355.1868    495182.7260  -6121182.3159  -74 22 13.82438  163 18 28.37107   1011.3707    0.0134    0.0123    0.0459
 2018  11  13   7  25   0   -1651355.1826    495182.7316  -6121182.2845  -74 22 13.82419  163 18 28.37028   1011.3398    0.0133    0.0122    0.0458
 2018  11  13   7  30   0   -1651355.1732    495182.7297  -6121182.2827  -74 22 13.82447  163 18 28.37018   1011.3355    0.0131    0.0122    0.0463
 2018  11  13   7  35   0   -1651355.1742    495182.7171  -6121182.2905  -74 22 13.82462  163 18 28.37166   1011.3423    0.0130    0.0121    0.0450
 2018  11  13   7  40   0   -1651355.1714    495182.7227  -6121182.2942  -74 22 13.82469  163 18 28.37092   1011.3456    0.0129    0.0121    0.0443
 2018  11  13   7  45   0   -1651355.1743    495182.7133  -6121182.2840  -74 22 13.82459  163 18 28.37210   1011.3358    0.0129    0.0122    0.0449
 2018  11  13   7  50   0   -1651355.1695    495182.7142  -6121182.2941  -74 22 13.82482  163 18 28.37183   1011.3443    0.0130    0.0152    0.0449
 2018  11  13   7  55   0   -1651355.1599    495182.7292  -6121182.2677  -74 22 13.82474  163 18 28.36978   1011.3176    0.0130    0.0152    0.0448
 2018  11  13   8   0   0   -1651355.1736    495182.7236  -6121182.3004  -74 22 13.82467  163 18 28.37089   1011.3522    0.0129    0.0166    0.0456
 2018  11  13   8   5   0   -1651355.1625    495182.6933  -6121182.2540  -74 22 13.82486  163 18 28.37398   1011.3023    0.0133    0.0172    0.0480
 2018  11  13   8  10   0   -1651355.1697    495182.7128  -6121182.1206  -74 22 13.82332  163 18 28.37200   1011.1772    0.0383    0.0229    0.1164
 2018  11  13   8  15   0   -1651355.1664    495182.6924  -6121182.1918  -74 22 13.82421  163 18 28.37422   1011.2433    0.0168    0.0155    0.0574
 2018  11  13   8  20   0   -1651355.1626    495182.6980  -6121182.2317  -74 22 13.82462  163 18 28.37346   1011.2812    0.0168    0.0150    0.0570
 2018  11  13   8  25   0   -1651355.1629    495182.6977  -6121182.2281  -74 22 13.82459  163 18 28.37349   1011.2778    0.0169    0.0147    0.0574
 2018  11  13   8  30   0   -1651355.1614    495182.6923  -6121182.2473  -74 22 13.82485  163 18 28.37406   1011.2955    0.0170    0.0144    0.0585
 2018  11  13   8  35   0   -1651355.1474    495182.6730  -6121182.2215  -74 22 13.82521  163 18 28.37579   1011.2656    0.0170    0.0137    0.0583
 2018  11  13   8  40   0   -1651355.1464    495182.6760  -6121182.2431  -74 22 13.82540  163 18 28.37541   1011.2863    0.0171    0.0137    0.0553
 2018  11  13   8  45   0   -1651355.1442    495182.6766  -6121182.2809  -74 22 13.82579  163 18 28.37527   1011.3221    0.0172    0.0138    0.0542
 2018  11  13   8  50   0   -1651355.1452    495182.6785  -6121182.2845  -74 22 13.82578  163 18 28.37508   1011.3260    0.0170    0.0140    0.0544
 2018  11  13   8  55   0   -1651355.1446    495182.6754  -6121182.2633  -74 22 13.82564  163 18 28.37542   1011.3053    0.0167    0.0141    0.0553
 2018  11  13   9   0   0   -1651355.1376    495182.6845  -6121182.2634  -74 22 13.82576  163 18 28.37414   1011.3043    0.0137    0.0142    0.0511
 2018  11  13   9   5   0   -1651355.1388    495182.6760  -6121182.2973  -74 22 13.82610  163 18 28.37515   1011.3366    0.0143    0.0141    0.0514
 2018  11  13   9  10   0   -1651355.1140    495182.6754  -6121182.2987  -74 22 13.82686  163 18 28.37437   1011.3314    0.0156    0.0140    0.0533
 2018  11  13   9  15   0   -1651355.1039    495182.6695  -6121182.2447  -74 22 13.82674  163 18 28.37470   1011.2764    0.0156    0.0138    0.0563
 2018  11  13   9  20   0   -1651355.1066    495182.6697  -6121182.2529  -74 22 13.82673  163 18 28.37476   1011.2850    0.0156    0.0137    0.0598
 2018  11  13   9  25   0   -1651355.0994    495182.6706  -6121182.2535  -74 22 13.82694  163 18 28.37442   1011.2838    0.0156    0.0135    0.0630
 2018  11  13   9  30   0   -1651355.0849    495182.6699  -6121182.2314  -74 22 13.82719  163 18 28.37400   1011.2587    0.0151    0.0132    0.0617
 2018  11  13   9  35   0   -1651355.0817    495182.6760  -6121182.1965  -74 22 13.82692  163 18 28.37319   1011.2247    0.0148    0.0116    0.0568
 2018  11  13   9  40   0   -1651355.0800    495182.6750  -6121182.2519  -74 22 13.82746  163 18 28.37325   1011.2776    0.0122    0.0115    0.0515
 2018  11  13   9  45   0   -1651355.0744    495182.6784  -6121182.2172  -74 22 13.82730  163 18 28.37266   1011.2430    0.0121    0.0115    0.0469
 2018  11  13   9  50   0   -1651355.0747    495182.6847  -6121182.2274  -74 22 13.82732  163 18 28.37195   1011.2534    0.0116    0.0110    0.0445
 2018  11  13   9  55   0   -1651355.0689    495182.6775  -6121182.2307  -74 22 13.82759  163 18 28.37258   1011.2545    0.0116    0.0110    0.0422
 2018  11  13  10   0   0   -1651355.0761    495182.6814  -6121182.2427  -74 22 13.82744  163 18 28.37237   1011.2682    0.0116    0.0110    0.0414
 2018  11  13  10   5   0   -1651355.0779    495182.6886  -6121182.2415  -74 22 13.82731  163 18 28.37162   1011.2680    0.0117    0.0111    0.0411
 2018  11  13  10  10   0   -1651355.0764    495182.6876  -6121182.2623  -74 22 13.82755  163 18 28.37168   1011.2876    0.0117    0.0111    0.0411
 2018  11  13  10  15   0   -1651355.0777    495182.6896  -6121182.2574  -74 22 13.82745  163 18 28.37150   1011.2834    0.0118    0.0112    0.0417
 2018  11  13  10  20   0   -1651355.0690    495182.6944  -6121182.2363  -74 22 13.82748  163 18 28.37065   1011.2612    0.0119    0.0112    0.0440
 2018  11  13  10  25   0   -1651355.0768    495182.6972  -6121182.3153  -74 22 13.82791  163 18 28.37059   1011.3395    0.0134    0.0116    0.0483
 2018  11  13  10  30   0   -1651355.0756    495182.7035  -6121182.2974  -74 22 13.82774  163 18 28.36983   1011.3225    0.0143    0.0120    0.0519
 2018  11  13  10  35   0   -1651355.0582    495182.7046  -6121182.2698  -74 22 13.82800  163 18 28.36910   1011.2915    0.0147    0.0118    0.0499
 2018  11  13  10  40   0   -1651355.0545    495182.7049  -6121182.2920  -74 22 13.82830  163 18 28.36895   1011.3119    0.0151    0.0118    0.0481
 2018  11  13  10  45   0   -1651355.0614    495182.7134  -6121182.3263  -74 22 13.82832  163 18 28.36821   1011.3474    0.0154    0.0118    0.0466
 2018  11  13  10  50   0   -1651355.0572    495182.7163  -6121182.2576  -74 22 13.82782  163 18 28.36772   1011.2803    0.0126    0.0116    0.0400
 2018  11  13  10  55   0   -1651355.0632    495182.7144  -6121182.2900  -74 22 13.82794  163 18 28.36816   1011.3130    0.0128    0.0116    0.0387
 2018  11  13  11   0   0   -1651355.0597    495182.7188  -6121182.3001  -74 22 13.82809  163 18 28.36753   1011.3222    0.0130    0.0116    0.0387
 2018  11  13  11   5   0   -1651355.0476    495182.7165  -6121182.2837  -74 22 13.82833  163 18 28.36738   1011.3031    0.0132    0.0116    0.0406
 2018  11  13  11  10   0   -1651355.0448    495182.7238  -6121182.2699  -74 22 13.82823  163 18 28.36644   1011.2896    0.0142    0.0159    0.0489
 2018  11  13  11  15   0   -1651355.0447    495182.7323  -6121182.3229  -74 22 13.82862  163 18 28.36547   1011.3412    0.0144    0.0158    0.0524
 2018  11  13  11  20   0   -1651355.0321    495182.7237  -6121182.2665  -74 22 13.82858  163 18 28.36602   1011.2831    0.0162    0.0158    0.0606
 2018  11  13  11  25   0   -1651355.0359    495182.7364  -6121182.3019  -74 22 13.82866  163 18 28.36469   1011.3190    0.0168    0.0157    0.0676
 2018  11  13  11  30   0   -1651355.0325    495182.7404  -6121182.3011  -74 22 13.82872  163 18 28.36412   1011.3177    0.0174    0.0154    0.0704
 2018  11  13  11  35   0   -1651355.0367    495182.7503  -6121182.3030  -74 22 13.82852  163 18 28.36313   1011.3215    0.0178    0.0151    0.0705
 2018  11  13  11  40   0   -1651355.0321    495182.7516  -6121182.2992  -74 22 13.82862  163 18 28.36283   1011.3167    0.0180    0.0149    0.0691
 2018  11  13  11  45   0   -1651355.0229    495182.7463  -6121182.2474  -74 22 13.82849  163 18 28.36311   1011.2640    0.0177    0.0145    0.0581
 2018  11  13  11  50   0   -1651355.0250    495182.7525  -6121182.2855  -74 22 13.82870  163 18 28.36248   1011.3018    0.0176    0.0145    0.0559
 2018  11  13  11  55   0   -1651355.0149    495182.7522  -6121182.2301  -74 22 13.82852  163 18 28.36217   1011.2457    0.0173    0.0146    0.0539
 2018  11  13  12   0   0   -1651355.0230    495182.7592  -6121182.2262  -74 22 13.82819  163 18 28.36164   1011.2446    0.0132    0.0143    0.0426
 2018  11  13  12   5   0   -1651355.0244    495182.7670  -6121182.2520  -74 22 13.82830  163 18 28.36079   1011.2704    0.0132    0.0142    0.0418
 2018  11  13  12  10   0   -1651355.0243    495182.7670  -6121182.2624  -74 22 13.82839  163 18 28.36079   1011.2804    0.0133    0.0141    0.0416
 2018  11  13  12  15   0   -1651355.0175    495182.7703  -6121182.2412  -74 22 13.82838  163 18 28.36018   1011.2585    0.0133    0.0122    0.0395
 2018  11  13  12  20   0   -1651355.0171    495182.7780  -6121182.2446  -74 22 13.82835  163 18 28.35928   1011.2622    0.0136    0.0122    0.0390
 2018  11  13  12  25   0   -1651355.0209    495182.7819  -6121182.2325  -74 22 13.82810  163 18 28.35896   1011.2519    0.0132    0.0118    0.0396
 2018  11  13  12  30   0   -1651355.0196    495182.7888  -6121182.2380  -74 22 13.82813  163 18 28.35813   1011.2574    0.0130    0.0117    0.0402
 2018  11  13  12  35   0   -1651355.0178    495182.7913  -6121182.2688  -74 22 13.82842  163 18 28.35779   1011.2868    0.0127    0.0117    0.0386
 2018  11  13  12  40   0   -1651355.0233    495182.7968  -6121182.2321  -74 22 13.82789  163 18 28.35734   1011.2533    0.0125    0.0116    0.0379
 2018  11  13  12  45   0   -1651355.0239    495182.7974  -6121182.2631  -74 22 13.82814  163 18 28.35730   1011.2833    0.0124    0.0116    0.0379
 2018  11  13  12  50   0   -1651355.0324    495182.8043  -6121182.2388  -74 22 13.82761  163 18 28.35680   1011.2626    0.0123    0.0116    0.0382
 2018  11  13  12  55   0   -1651355.0294    495182.8063  -6121182.2534  -74 22 13.82781  163 18 28.35646   1011.2761    0.0124    0.0116    0.0379
 2018  11  13  13   0   0   -1651355.0239    495182.8000  -6121182.2544  -74 22 13.82804  163 18 28.35699   1011.2752    0.0129    0.0128    0.0400
 2018  11  13  13   5   0   -1651355.0295    495182.8058  -6121182.2527  -74 22 13.82780  163 18 28.35653   1011.2754    0.0130    0.0128    0.0410
 2018  11  13  13  10   0   -1651355.0332    495182.8082  -6121182.2831  -74 22 13.82794  163 18 28.35638   1011.3059    0.0131    0.0128    0.0418
 2018  11  13  13  15   0   -1651355.0258    495182.8112  -6121182.2672  -74 22 13.82799  163 18 28.35577   1011.2888    0.0128    0.0127    0.0415
 2018  11  13  13  20   0   -1651355.0295    495182.8138  -6121182.2988  -74 22 13.82813  163 18 28.35561   1011.3204    0.0128    0.0126    0.0422
 2018  11  13  13  25   0   -1651355.0308    495182.8244  -6121182.2921  -74 22 13.82794  163 18 28.35444   1011.3151    0.0129    0.0125    0.0438
 2018  11  13  13  30   0   -1651355.0358    495182.8286  -6121182.3453  -74 22 13.82822  163 18 28.35413   1011.3679    0.0132    0.0123    0.0472
 2018  11  13  13  35   0   -1651355.0402    495182.8401  -6121182.1853  -74 22 13.82660  163 18 28.35296   1011.2160    0.0123    0.0122    0.0438
 2018  11  13  13  40   0   -1651355.0344    495182.8413  -6121182.2074  -74 22 13.82695  163 18 28.35262   1011.2358    0.0123    0.0121    0.0411
 2018  11  13  13  45   0   -1651355.0334    495182.8563  -6121182.1661  -74 22 13.82649  163 18 28.35087   1011.1969    0.0126    0.0127    0.0411
 2018  11  13  13  50   0   -1651355.0357    495182.8554  -6121182.1616  -74 22 13.82639  163 18 28.35105   1011.1931    0.0129    0.0126    0.0411
 2018  11  13  13  55   0   -1651355.0352    495182.8383  -6121182.1792  -74 22 13.82671  163 18 28.35299   1011.2086    0.0128    0.0117    0.0388
 2018  11  13  14   0   0   -1651355.0313    495182.8437  -6121182.1565  -74 22 13.82658  163 18 28.35225   1011.1862    0.0130    0.0116    0.0398
 2018  11  13  14   5   0   -1651355.0421    495182.8653  -6121182.1921  -74 22 13.82637  163 18 28.35013   1011.2249    0.0135    0.0137    0.0424
 2018  11  13  14  10   0   -1651355.0414    495182.8641  -6121182.1869  -74 22 13.82636  163 18 28.35025   1011.2197    0.0136    0.0135    0.0437
 2018  11  13  14  15   0   -1651355.0303    495182.8807  -6121182.1462  -74 22 13.82619  163 18 28.34796   1011.1788    0.0150    0.0144    0.0486
 2018  11  13  14  20   0   -1651355.0189    495182.8701  -6121182.0778  -74 22 13.82603  163 18 28.34879   1011.1092    0.0153    0.0144    0.0506
 2018  11  13  14  25   0   -1651355.0010    495182.8921  -6121181.9666  -74 22 13.82540  163 18 28.34566   1010.9992    0.0153    0.0134    0.0516
 2018  11  13  14  30   0   -1651354.9913    495182.8978  -6121181.9443  -74 22 13.82544  163 18 28.34467   1010.9757    0.0156    0.0133    0.0563
 2018  11  13  14  35   0   -1651354.7176    495182.3998  -6121181.9002  -74 22 13.83764  163 18 28.39233   1010.8241    0.0376    0.0308    0.0975
 2018  11  13  14  40   0   -1651354.9582    495182.7219  -6121182.2095  -74 22 13.83030  163 18 28.36368   1011.2089    0.0536    0.0568    0.1491
 2018  11  13  14  45   0   -1651354.8377    495182.2488  -6121181.7158  -74 22 13.83381  163 18 28.41376   1010.6657    0.0213    0.0181    0.0706
 2018  11  13  14  50   0   -1651354.7920    495182.2597  -6121181.6395  -74 22 13.83442  163 18 28.41094   1010.5813    0.0216    0.0183    0.0740
 2018  11  13  14  55   0   -1651354.7840    495182.2628  -6121181.6975  -74 22 13.83513  163 18 28.41031   1010.6354    0.0218    0.0184    0.0761
 2018  11  13  15   0   0   -1651354.7787    495182.2566  -6121181.7583  -74 22 13.83587  163 18 28.41084   1010.6921    0.0213    0.0183    0.0754
 2018  11  13  15   5   0   -1651354.7633    495182.2637  -6121181.7535  -74 22 13.83622  163 18 28.40950   1010.6840    0.0205    0.0180    0.0719
 2018  11  13  15  10   0   -1651354.7387    495182.2644  -6121181.7889  -74 22 13.83726  163 18 28.40858   1010.7118    0.0189    0.0156    0.0569
 2018  11  13  15  15   0   -1651354.7048    495182.2939  -6121181.7612  -74 22 13.83776  163 18 28.40403   1010.6787    0.0188    0.0176    0.0553
 2018  11  13  15  20   0   -1651354.6963    495182.2683  -6121181.8180  -74 22 13.83874  163 18 28.40667   1010.7292    0.0186    0.0157    0.0543
 2018  11  13  15  25   0   -1651354.6830    495182.2715  -6121181.8462  -74 22 13.83935  163 18 28.40585   1010.7531    0.0195    0.0158    0.0544
 2018  11  13  15  30   0   -1651354.6667    495182.2736  -6121181.9068  -74 22 13.84034  163 18 28.40505   1010.8075    0.0193    0.0158    0.0559
 2018  11  13  15  35   0   -1651354.6896    495182.2707  -6121181.9739  -74 22 13.84027  163 18 28.40617   1010.8778    0.0199    0.0168    0.0672
 2018  11  13  15  40   0   -1651354.6859    495182.2730  -6121182.0236  -74 22 13.84079  163 18 28.40578   1010.9249    0.0204    0.0171    0.0662
 2018  11  13  15  45   0   -1651354.7023    495182.3073  -6121182.2235  -74 22 13.84173  163 18 28.40241   1011.1242    0.0214    0.0151    0.0495
 2018  11  13  15  50   0   -1651354.6879    495182.3202  -6121182.1991  -74 22 13.84183  163 18 28.40044   1011.0981    0.0214    0.0151    0.0491
 2018  11  13  15  55   0   -1651354.6668    495182.3290  -6121182.1860  -74 22 13.84227  163 18 28.39870   1011.0807    0.0215    0.0151    0.0489
 2018  11  13  16   0   0   -1651354.6514    495182.3396  -6121182.1531  -74 22 13.84235  163 18 28.39696   1011.0458    0.0215    0.0151    0.0489
 2018  11  13  16   5   0   -1651354.6411    495182.3544  -6121182.1449  -74 22 13.84245  163 18 28.39491   1011.0365    0.0215    0.0152    0.0493
 2018  11  13  16  10   0   -1651354.6286    495182.3710  -6121182.1424  -74 22 13.84265  163 18 28.39257   1011.0321    0.0215    0.0153    0.0506
 2018  11  13  16  15   0   -1651354.6224    495182.3862  -6121182.1691  -74 22 13.84293  163 18 28.39061   1011.0573    0.0216    0.0154    0.0531
 2018  11  13  16  20   0   -1651354.6106    495182.4045  -6121182.1788  -74 22 13.84320  163 18 28.38812   1011.0651    0.0215    0.0154    0.0533
 2018  11  13  16  25   0   -1651354.6136    495182.4234  -6121182.2074  -74 22 13.84319  163 18 28.38605   1011.0949    0.0213    0.0155    0.0553
 2018  11  13  16  30   0   -1651354.6239    495182.4412  -6121182.3059  -74 22 13.84359  163 18 28.38437   1011.1937    0.0241    0.0155    0.0609
 2018  11  13  16  35   0   -1651354.6300    495182.4651  -6121182.3477  -74 22 13.84356  163 18 28.38184   1011.2374    0.0232    0.0155    0.0526
 2018  11  13  16  40   0   -1651354.6278    495182.4910  -6121182.3777  -74 22 13.84365  163 18 28.37880   1011.2678    0.0223    0.0154    0.0494
 2018  11  13  16  45   0   -1651354.6435    495182.5096  -6121182.3750  -74 22 13.84299  163 18 28.37721   1011.2707    0.0216    0.0154    0.0469
 2018  11  13  16  50   0   -1651354.6307    495182.5300  -6121182.3693  -74 22 13.84314  163 18 28.37443   1011.2634    0.0209    0.0153    0.0451
 2018  11  13  16  55   0   -1651354.6344    495182.5466  -6121182.3783  -74 22 13.84296  163 18 28.37265   1011.2744    0.0204    0.0152    0.0442
 2018  11  13  17   0   0   -1651354.6414    495182.5640  -6121182.4146  -74 22 13.84291  163 18 28.37089   1011.3125    0.0199    0.0153    0.0437
 2018  11  13  17   5   0   -1651354.6403    495182.6008  -6121182.2240  -74 22 13.84096  163 18 28.36665   1011.1315    0.0261    0.0182    0.0655
 2018  11  13  17  10   0   -1651354.6420    495182.6186  -6121182.2329  -74 22 13.84083  163 18 28.36466   1011.1418    0.0243    0.0179    0.0609
 2018  11  13  17  15   0   -1651354.6508    495182.6424  -6121182.2305  -74 22 13.84034  163 18 28.36224   1011.1437    0.0229    0.0177    0.0578
 2018  11  13  17  20   0   -1651354.6489    495182.6874  -6121182.1519  -74 22 13.83931  163 18 28.35701   1011.0709    0.0201    0.0152    0.0508
 2018  11  13  17  25   0   -1651354.6546    495182.7070  -6121182.2181  -74 22 13.83954  163 18 28.35496   1011.1377    0.0198    0.0153    0.0536
 2018  11  13  17  30   0   -1651354.7069    495182.7133  -6121182.3790  -74 22 13.83933  163 18 28.35603   1011.3066    0.0196    0.0151    0.0545
 2018  11  13  17  35   0   -1651354.7095    495182.7213  -6121182.3787  -74 22 13.83917  163 18 28.35521   1011.3076    0.0193    0.0152    0.0551
 2018  11  13  17  40   0   -1651354.7063    495182.7182  -6121182.4996  -74 22 13.84035  163 18 28.35545   1011.4229    0.0245    0.0164    0.0592
 2018  11  13  17  45   0   -1651354.7056    495182.7296  -6121182.4919  -74 22 13.84020  163 18 28.35412   1011.4162    0.0241    0.0163    0.0578
 2018  11  13  17  50   0   -1651354.7028    495182.7475  -6121182.4906  -74 22 13.84011  163 18 28.35197   1011.4157    0.0236    0.0170    0.0562
 2018  11  13  17  55   0   -1651354.6708    495182.7669  -6121182.3221  -74 22 13.83943  163 18 28.34866   1011.2467    0.0224    0.0154    0.0505
 2018  11  13  18   0   0   -1651354.6846    495182.7853  -6121182.3479  -74 22 13.83908  163 18 28.34702   1011.2765    0.0219    0.0145    0.0470
 2018  11  13  18   5   0   -1651354.6939    495182.8009  -6121182.3315  -74 22 13.83852  163 18 28.34555   1011.2644    0.0215    0.0147    0.0478
 2018  11  13  18  10   0   -1651354.7020    495182.8122  -6121182.3504  -74 22 13.83834  163 18 28.34453   1011.2855    0.0210    0.0150    0.0497
 2018  11  13  18  15   0   -1651354.7033    495182.8293  -6121182.3274  -74 22 13.83795  163 18 28.34262   1011.2650    0.0206    0.0153    0.0527
 2018  11  13  18  20   0   -1651354.6998    495182.8362  -6121182.3007  -74 22 13.83776  163 18 28.34171   1011.2389    0.0204    0.0157    0.0577
 2018  11  13  18  25   0   -1651354.6954    495182.8512  -6121182.3813  -74 22 13.83846  163 18 28.33984   1011.3166    0.0421    0.0168    0.0865
 2018  11  13  18  30   0   -1651354.8016    495182.8683  -6121182.0015  -74 22 13.83184  163 18 28.34153   1010.9796    0.0172    0.0156    0.0567
 2018  11  13  18  35   0   -1651354.8195    495182.8853  -6121182.0292  -74 22 13.83140  163 18 28.34020   1011.0121    0.0163    0.0157    0.0534
 2018  11  13  18  40   0   -1651354.8259    495182.8958  -6121182.0000  -74 22 13.83086  163 18 28.33921   1010.9865    0.0166    0.0158    0.0519
 2018  11  13  18  45   0   -1651354.8381    495182.9100  -6121181.9832  -74 22 13.83023  163 18 28.33800   1010.9745    0.0170    0.0158    0.0516
 2018  11  13  18  50   0   -1651354.8378    495182.9214  -6121182.0035  -74 22 13.83031  163 18 28.33669   1010.9949    0.0176    0.0158    0.0521
 2018  11  13  18  55   0   -1651354.8486    495182.9364  -6121182.0049  -74 22 13.82987  163 18 28.33534   1011.0002    0.0183    0.0158    0.0538
 2018  11  13  19   0   0   -1651354.8657    495182.9452  -6121182.0307  -74 22 13.82951  163 18 28.33491   1011.0301    0.0191    0.0159    0.0544
 2018  11  13  19   5   0   -1651354.8952    495182.9587  -6121182.0697  -74 22 13.82885  163 18 28.33439   1011.0763    0.0196    0.0158    0.0543
 2018  11  13  19  10   0   -1651354.8996    495182.9648  -6121182.1184  -74 22 13.82908  163 18 28.33383   1011.1249    0.0201    0.0158    0.0539
 2018  11  13  19  15   0   -1651354.9144    495182.9711  -6121182.1392  -74 22 13.82877  163 18 28.33363   1011.1492    0.0206    0.0157    0.0537
 2018  11  13  19  20   0   -1651354.9282    495182.9786  -6121182.1844  -74 22 13.82868  163 18 28.33324   1011.1969    0.0210    0.0157    0.0540
 2018  11  13  19  25   0   -1651354.9383    495182.9912  -6121182.2054  -74 22 13.82845  163 18 28.33214   1011.2206    0.0213    0.0157    0.0556
 2018  11  13  19  30   0   -1651354.9414    495183.0070  -6121182.1727  -74 22 13.82794  163 18 28.33043   1011.1912    0.0216    0.0158    0.0592
 2018  11  13  19  35   0   -1651354.9605    495183.0029  -6121182.2588  -74 22 13.82815  163 18 28.33156   1011.2787    0.0218    0.0158    0.0590
 2018  11  13  19  40   0   -1651354.9771    495183.0138  -6121182.2395  -74 22 13.82739  163 18 28.33089   1011.2653    0.0220    0.0158    0.0596
 2018  11  13  19  45   0   -1651354.9872    495183.0268  -6121182.2038  -74 22 13.82667  163 18 28.32974   1011.2345    0.0240    0.0189    0.0645
 2018  11  13  19  50   0   -1651355.0012    495183.0379  -6121182.2241  -74 22 13.82633  163 18 28.32895   1011.2586    0.0236    0.0186    0.0622
 2018  11  13  19  55   0   -1651355.0143    495183.0413  -6121182.2776  -74 22 13.82637  163 18 28.32901   1011.3137    0.0231    0.0183    0.0610
 2018  11  13  20   0   0   -1651355.0234    495183.0740  -6121182.4641  -74 22 13.82743  163 18 28.32558   1011.4982    0.0305    0.0220    0.0929
 2018  11  13  20   5   0   -1651355.0358    495183.0867  -6121182.5917  -74 22 13.82806  163 18 28.32454   1011.6252    0.0220    0.0228    0.0646
 2018  11  13  20  10   0   -1651355.0356    495183.0945  -6121182.6413  -74 22 13.82843  163 18 28.32365   1011.6735    0.0232    0.0234    0.0688
 2018  11  13  20  15   0   -1651355.0510    495183.1002  -6121182.6608  -74 22 13.82808  163 18 28.32352   1011.6968    0.0242    0.0239    0.0724
 2018  11  13  20  20   0   -1651355.0337    495183.1276  -6121182.7711  -74 22 13.82931  163 18 28.31979   1011.8006    0.0351    0.0284    0.0927
 2018  11  13  20  25   0   -1651355.0370    495183.1375  -6121182.8434  -74 22 13.82976  163 18 28.31876   1011.8719    0.0426    0.0320    0.1108
 2018  11  13  20  30   0   -1651355.0416    495183.1422  -6121182.9286  -74 22 13.83032  163 18 28.31839   1011.9554    0.0526    0.0367    0.1363
 2018  11  13  20  35   0   -1651355.1161    495183.0073  -6121182.2364  -74 22 13.82329  163 18 28.33640   1011.2977    0.0180    0.0172    0.0575
 2018  11  13  20  40   0   -1651355.1595    495183.0270  -6121182.2454  -74 22 13.82190  163 18 28.33564   1011.3190    0.0175    0.0171    0.0502
 2018  11  13  20  45   0   -1651355.1675    495183.0429  -6121182.2598  -74 22 13.82165  163 18 28.33409   1011.3362    0.0177    0.0168    0.0498
 2018  11  13  20  50   0   -1651355.1812    495183.0396  -6121182.2205  -74 22 13.82093  163 18 28.33494   1011.3017    0.0182    0.0169    0.0496
 2018  11  13  20  55   0   -1651355.1925    495183.0384  -6121182.1860  -74 22 13.82030  163 18 28.33547   1011.2713    0.0187    0.0171    0.0512
 2018  11  13  21   0   0   -1651355.2023    495183.0414  -6121182.1957  -74 22 13.82007  163 18 28.33546   1011.2833    0.0193    0.0172    0.0543
 2018  11  13  21   5   0   -1651355.2031    495183.0368  -6121182.1816  -74 22 13.81996  163 18 28.33601   1011.2697    0.0195    0.0189    0.0580
 2018  11  13  21  10   0   -1651355.2120    495183.0359  -6121182.1827  -74 22 13.81971  163 18 28.33642   1011.2729    0.0196    0.0193    0.0624
 2018  11  13  21  15   0   -1651355.2206    495183.0286  -6121182.2019  -74 22 13.81969  163 18 28.33755   1011.2930    0.0197    0.0196    0.0662
 2018  11  13  21  20   0   -1651355.2366    495183.0223  -6121182.2570  -74 22 13.81975  163 18 28.33883   1011.3498    0.0196    0.0198    0.0684
 2018  11  13  21  25   0   -1651355.2472    495183.0095  -6121182.3647  -74 22 13.82048  163 18 28.34066   1011.4552    0.0160    0.0193    0.0576
 2018  11  13  21  30   0   -1651355.2678    495183.0067  -6121182.3746  -74 22 13.81998  163 18 28.34169   1011.4699    0.0160    0.0193    0.0574
 2018  11  13  21  35   0   -1651355.2835    495183.0006  -6121182.3764  -74 22 13.81959  163 18 28.34292   1011.4751    0.0160    0.0192    0.0543
 2018  11  13  21  40   0   -1651355.2985    495182.9895  -6121182.4178  -74 22 13.81960  163 18 28.34471   1011.5180    0.0161    0.0167    0.0505
 2018  11  13  21  45   0   -1651355.3130    495182.9861  -6121182.4649  -74 22 13.81961  163 18 28.34560   1011.5668    0.0161    0.0168    0.0500
 2018  11  13  21  50   0   -1651355.3264    495182.9828  -6121182.4979  -74 22 13.81952  163 18 28.34644   1011.6018    0.0162    0.0169    0.0500
 2018  11  13  21  55   0   -1651355.3306    495182.9718  -6121182.4926  -74 22 13.81945  163 18 28.34785   1011.5970    0.0158    0.0163    0.0460
 2018  11  13  22   0   0   -1651355.3325    495182.9716  -6121182.5031  -74 22 13.81949  163 18 28.34793   1011.6075    0.0156    0.0164    0.0449
 2018  11  13  22   5   0   -1651355.3356    495182.9717  -6121182.5107  -74 22 13.81946  163 18 28.34803   1011.6157    0.0154    0.0165    0.0443
 2018  11  13  22  10   0   -1651355.3399    495182.9656  -6121182.5538  -74 22 13.81976  163 18 28.34888   1011.6579    0.0153    0.0166    0.0441
 2018  11  13  22  15   0   -1651355.3470    495182.9592  -6121182.5617  -74 22 13.81968  163 18 28.34986   1011.6668    0.0152    0.0167    0.0448
 2018  11  13  22  20   0   -1651355.3508    495182.9572  -6121182.5680  -74 22 13.81964  163 18 28.35021   1011.6736    0.0153    0.0167    0.0469
 2018  11  13  22  25   0   -1651355.3475    495182.9470  -6121182.6027  -74 22 13.82013  163 18 28.35127   1011.7055    0.0158    0.0168    0.0514
 2018  11  13  22  30   0   -1651355.3656    495182.9539  -6121182.5175  -74 22 13.81879  163 18 28.35110   1011.6286    0.0240    0.0169    0.0638
 2018  11  13  22  35   0   -1651355.3657    495182.9395  -6121182.5425  -74 22 13.81913  163 18 28.35275   1011.6516    0.0238    0.0169    0.0613
 2018  11  13  22  40   0   -1651355.3643    495182.9271  -6121182.5777  -74 22 13.81959  163 18 28.35413   1011.6842    0.0169    0.0167    0.0511
 2018  11  13  22  45   0   -1651355.3792    495182.9297  -6121182.5453  -74 22 13.81884  163 18 28.35434   1011.6570    0.0168    0.0167    0.0471
 2018  11  13  22  50   0   -1651355.3728    495182.9250  -6121182.5194  -74 22 13.81885  163 18 28.35465   1011.6301    0.0170    0.0167    0.0454
 2018  11  13  22  55   0   -1651355.3759    495182.9281  -6121182.5468  -74 22 13.81896  163 18 28.35441   1011.6575    0.0164    0.0165    0.0464
 2018  11  13  23   0   0   -1651355.3698    495182.8964  -6121182.4646  -74 22 13.81871  163 18 28.35784   1011.5743    0.0171    0.0190    0.0484
 2018  11  13  23   5   0   -1651355.3758    495182.8867  -6121182.4458  -74 22 13.81846  163 18 28.35915   1011.5570    0.0174    0.0193    0.0488
 2018  11  13  23  10   0   -1651355.3716    495182.8594  -6121182.3941  -74 22 13.81838  163 18 28.36214   1011.5040    0.0177    0.0203    0.0594
 2018  11  13  23  15   0   -1651355.3770    495182.8588  -6121182.3759  -74 22 13.81806  163 18 28.36239   1011.4878    0.0189    0.0200    0.0581
 2018  11  13  23  20   0   -1651355.3740    495182.8445  -6121182.3486  -74 22 13.81805  163 18 28.36393   1011.4596    0.0159    0.0190    0.0526
 2018  11  13  23  25   0   -1651355.3782    495182.8372  -6121182.3421  -74 22 13.81793  163 18 28.36491   1011.4539    0.0162    0.0190    0.0556
 2018  11  13  23  30   0   -1651355.3770    495182.8331  -6121182.3331  -74 22 13.81792  163 18 28.36534   1011.4447    0.0165    0.0191    0.0608
 2018  11  13  23  35   0   -1651355.3882    495182.8295  -6121182.3318  -74 22 13.81761  163 18 28.36613   1011.4460    0.0165    0.0190    0.0586
 2018  11  13  23  40   0   -1651355.3969    495182.8251  -6121182.3658  -74 22 13.81769  163 18 28.36693   1011.4806    0.0166    0.0192    0.0599
 2018  11  13  23  45   0   -1651355.3781    495182.8026  -6121182.3240  -74 22 13.81808  163 18 28.36887   1011.4338    0.0166    0.0193    0.0624
