#Station: tuat
#YEAR  MTH DAY HOU MIN SEC  X              Y              Z              LAT              LON              HEI         SIGLAT    SIGLON    SIGHEI  
#                           m              m              m              ddd mm ss.sssss  ddd mm ss.sssss  m           m         m         m       
#----  --- --- --- --- ---  -------------  -------------  -------------  ---------------  ---------------  ----------  --------  --------  --------
 2018  11  13   0   0   0   -1646392.8147    490233.6411  -6121923.3535  -74 25 31.96288  163 25 06.43758     65.2362    0.0000    0.0000    0.0000
 2018  11  13   0   5   0   -1646392.8147    490233.6411  -6121923.3535  -74 25 31.96288  163 25 06.43758     65.2362    0.0000    0.0000    0.0000
 2018  11  13   0  10   0   -1646392.8147    490233.6411  -6121923.3535  -74 25 31.96288  163 25 06.43758     65.2362    0.0000    0.0000    0.0000
 2018  11  13   0  15   0   -1646392.8147    490233.6411  -6121923.3535  -74 25 31.96288  163 25 06.43758     65.2362    0.0000    0.0000    0.0000
 2018  11  13   0  20   0   -1646392.8147    490233.6411  -6121923.3535  -74 25 31.96288  163 25 06.43758     65.2362    0.0000    0.0000    0.0000
 2018  11  13   0  25   0   -1646392.8147    490233.6411  -6121923.3535  -74 25 31.96288  163 25 06.43758     65.2362    0.0000    0.0000    0.0000
 2018  11  13   0  30   0   -1646392.8147    490233.6411  -6121923.3535  -74 25 31.96288  163 25 06.43758     65.2362    0.0000    0.0000    0.0000
 2018  11  13   0  35   0   -1646392.8147    490233.6411  -6121923.3535  -74 25 31.96288  163 25 06.43758     65.2362    0.0000    0.0000    0.0000
 2018  11  13   0  40   0   -1646392.8147    490233.6411  -6121923.3535  -74 25 31.96288  163 25 06.43758     65.2362    0.0000    0.0000    0.0000
 2018  11  13   0  45   0   -1646392.8147    490233.6411  -6121923.3535  -74 25 31.96288  163 25 06.43758     65.2362    0.0000    0.0000    0.0000
 2018  11  13   0  50   0   -1646392.8147    490233.6411  -6121923.3535  -74 25 31.96288  163 25 06.43758     65.2362    0.0000    0.0000    0.0000
 2018  11  13   0  55   0   -1646392.8147    490233.6411  -6121923.3535  -74 25 31.96288  163 25 06.43758     65.2362    0.0000    0.0000    0.0000
 2018  11  13   1   0   0   -1646392.8147    490233.6411  -6121923.3535  -74 25 31.96288  163 25 06.43758     65.2362    0.0000    0.0000    0.0000
 2018  11  13   1   5   0   -1646392.8147    490233.6411  -6121923.3535  -74 25 31.96288  163 25 06.43758     65.2362    0.0000    0.0000    0.0000
 2018  11  13   1  10   0   -1646392.8147    490233.6411  -6121923.3535  -74 25 31.96288  163 25 06.43758     65.2362    0.0000    0.0000    0.0000
 2018  11  13   1  15   0   -1646392.8147    490233.6411  -6121923.3535  -74 25 31.96288  163 25 06.43758     65.2362    0.0000    0.0000    0.0000
 2018  11  13   1  20   0   -1646392.8147    490233.6411  -6121923.3535  -74 25 31.96288  163 25 06.43758     65.2362    0.0000    0.0000    0.0000
 2018  11  13   1  25   0   -1646392.8147    490233.6411  -6121923.3535  -74 25 31.96288  163 25 06.43758     65.2362    0.0000    0.0000    0.0000
 2018  11  13   1  30   0   -1646392.8147    490233.6411  -6121923.3535  -74 25 31.96288  163 25 06.43758     65.2362    0.0000    0.0000    0.0000
 2018  11  13   1  35   0   -1646392.8147    490233.6411  -6121923.3535  -74 25 31.96288  163 25 06.43758     65.2362    0.0000    0.0000    0.0000
 2018  11  13   1  40   0   -1646392.8147    490233.6411  -6121923.3535  -74 25 31.96288  163 25 06.43758     65.2362    0.0000    0.0000    0.0000
 2018  11  13   1  45   0   -1646392.8147    490233.6411  -6121923.3535  -74 25 31.96288  163 25 06.43758     65.2362    0.0000    0.0000    0.0000
 2018  11  13   1  50   0   -1646392.8147    490233.6411  -6121923.3535  -74 25 31.96288  163 25 06.43758     65.2362    0.0000    0.0000    0.0000
 2018  11  13   1  55   0   -1646392.8147    490233.6411  -6121923.3535  -74 25 31.96288  163 25 06.43758     65.2362    0.0000    0.0000    0.0000
 2018  11  13   2   0   0   -1646392.8147    490233.6411  -6121923.3535  -74 25 31.96288  163 25 06.43758     65.2362    0.0000    0.0000    0.0000
 2018  11  13   2   5   0   -1646392.8147    490233.6411  -6121923.3535  -74 25 31.96288  163 25 06.43758     65.2362    0.0000    0.0000    0.0000
 2018  11  13   2  10   0   -1646392.8147    490233.6411  -6121923.3535  -74 25 31.96288  163 25 06.43758     65.2362    0.0000    0.0000    0.0000
 2018  11  13   2  15   0   -1646392.8147    490233.6411  -6121923.3535  -74 25 31.96288  163 25 06.43758     65.2362    0.0000    0.0000    0.0000
 2018  11  13   2  20   0   -1646392.8147    490233.6411  -6121923.3535  -74 25 31.96288  163 25 06.43758     65.2362    0.0000    0.0000    0.0000
 2018  11  13   2  25   0   -1646392.8147    490233.6411  -6121923.3535  -74 25 31.96288  163 25 06.43758     65.2362    0.0000    0.0000    0.0000
 2018  11  13   2  30   0   -1646392.8147    490233.6411  -6121923.3535  -74 25 31.96288  163 25 06.43758     65.2362    0.0000    0.0000    0.0000
 2018  11  13   2  35   0   -1646392.8147    490233.6411  -6121923.3535  -74 25 31.96288  163 25 06.43758     65.2362    0.0000    0.0000    0.0000
 2018  11  13   2  40   0   -1646392.8147    490233.6411  -6121923.3535  -74 25 31.96288  163 25 06.43758     65.2362    0.0000    0.0000    0.0000
 2018  11  13   2  45   0   -1646392.8147    490233.6411  -6121923.3535  -74 25 31.96288  163 25 06.43758     65.2362    0.0000    0.0000    0.0000
 2018  11  13   2  50   0   -1646392.8147    490233.6411  -6121923.3535  -74 25 31.96288  163 25 06.43758     65.2362    0.0000    0.0000    0.0000
 2018  11  13   2  55   0   -1646392.8147    490233.6411  -6121923.3535  -74 25 31.96288  163 25 06.43758     65.2362    0.0000    0.0000    0.0000
 2018  11  13   3   0   0   -1646392.8147    490233.6411  -6121923.3535  -74 25 31.96288  163 25 06.43758     65.2362    0.0000    0.0000    0.0000
 2018  11  13   3   5   0   -1646392.8147    490233.6411  -6121923.3535  -74 25 31.96288  163 25 06.43758     65.2362    0.0000    0.0000    0.0000
 2018  11  13   3  10   0   -1646392.8147    490233.6411  -6121923.3535  -74 25 31.96288  163 25 06.43758     65.2362    0.0000    0.0000    0.0000
 2018  11  13   3  15   0   -1646392.8147    490233.6411  -6121923.3535  -74 25 31.96288  163 25 06.43758     65.2362    0.0000    0.0000    0.0000
 2018  11  13   3  20   0   -1646392.8147    490233.6411  -6121923.3535  -74 25 31.96288  163 25 06.43758     65.2362    0.0000    0.0000    0.0000
 2018  11  13   3  25   0   -1646392.8147    490233.6411  -6121923.3535  -74 25 31.96288  163 25 06.43758     65.2362    0.0000    0.0000    0.0000
 2018  11  13   3  30   0   -1646392.8147    490233.6411  -6121923.3535  -74 25 31.96288  163 25 06.43758     65.2362    0.0000    0.0000    0.0000
 2018  11  13   3  35   0   -1646392.8147    490233.6411  -6121923.3535  -74 25 31.96288  163 25 06.43758     65.2362    0.0000    0.0000    0.0000
 2018  11  13   3  40   0   -1646392.8147    490233.6411  -6121923.3535  -74 25 31.96288  163 25 06.43758     65.2362    0.0000    0.0000    0.0000
 2018  11  13   3  45   0   -1646392.8147    490233.6411  -6121923.3535  -74 25 31.96288  163 25 06.43758     65.2362    0.0000    0.0000    0.0000
 2018  11  13   3  50   0   -1646392.8147    490233.6411  -6121923.3535  -74 25 31.96288  163 25 06.43758     65.2362    0.0000    0.0000    0.0000
 2018  11  13   3  55   0   -1646392.8147    490233.6411  -6121923.3535  -74 25 31.96288  163 25 06.43758     65.2362    0.0000    0.0000    0.0000
 2018  11  13   4   0   0   -1646392.8147    490233.6411  -6121923.3535  -74 25 31.96288  163 25 06.43758     65.2362    0.0000    0.0000    0.0000
 2018  11  13   4   5   0   -1646392.8147    490233.6411  -6121923.3535  -74 25 31.96288  163 25 06.43758     65.2362    0.0000    0.0000    0.0000
 2018  11  13   4  10   0   -1646392.8147    490233.6411  -6121923.3535  -74 25 31.96288  163 25 06.43758     65.2362    0.0000    0.0000    0.0000
 2018  11  13   4  15   0   -1646392.8147    490233.6411  -6121923.3535  -74 25 31.96288  163 25 06.43758     65.2362    0.0000    0.0000    0.0000
 2018  11  13   4  20   0   -1646392.8147    490233.6411  -6121923.3535  -74 25 31.96288  163 25 06.43758     65.2362    0.0000    0.0000    0.0000
 2018  11  13   4  25   0   -1646392.8147    490233.6411  -6121923.3535  -74 25 31.96288  163 25 06.43758     65.2362    0.0000    0.0000    0.0000
 2018  11  13   4  30   0   -1646392.8147    490233.6411  -6121923.3535  -74 25 31.96288  163 25 06.43758     65.2362    0.0000    0.0000    0.0000
 2018  11  13   4  35   0   -1646392.8147    490233.6411  -6121923.3535  -74 25 31.96288  163 25 06.43758     65.2362    0.0000    0.0000    0.0000
 2018  11  13   4  40   0   -1646392.8147    490233.6411  -6121923.3535  -74 25 31.96288  163 25 06.43758     65.2362    0.0000    0.0000    0.0000
 2018  11  13   4  45   0   -1646392.8147    490233.6411  -6121923.3535  -74 25 31.96288  163 25 06.43758     65.2362    0.0000    0.0000    0.0000
 2018  11  13   4  50   0   -1646392.8147    490233.6411  -6121923.3535  -74 25 31.96288  163 25 06.43758     65.2362    0.0000    0.0000    0.0000
 2018  11  13   4  55   0   -1646392.8147    490233.6411  -6121923.3535  -74 25 31.96288  163 25 06.43758     65.2362    0.0000    0.0000    0.0000
 2018  11  13   5   0   0   -1646392.8147    490233.6411  -6121923.3535  -74 25 31.96288  163 25 06.43758     65.2362    0.0000    0.0000    0.0000
 2018  11  13   5   5   0   -1646392.8147    490233.6411  -6121923.3535  -74 25 31.96288  163 25 06.43758     65.2362    0.0000    0.0000    0.0000
 2018  11  13   5  10   0   -1646392.8147    490233.6411  -6121923.3535  -74 25 31.96288  163 25 06.43758     65.2362    0.0000    0.0000    0.0000
 2018  11  13   5  15   0   -1646392.8147    490233.6411  -6121923.3535  -74 25 31.96288  163 25 06.43758     65.2362    0.0000    0.0000    0.0000
 2018  11  13   5  20   0   -1646392.8147    490233.6411  -6121923.3535  -74 25 31.96288  163 25 06.43758     65.2362    0.0000    0.0000    0.0000
 2018  11  13   5  25   0   -1646392.8147    490233.6411  -6121923.3535  -74 25 31.96288  163 25 06.43758     65.2362    0.0000    0.0000    0.0000
 2018  11  13   5  30   0   -1646392.8147    490233.6411  -6121923.3535  -74 25 31.96288  163 25 06.43758     65.2362    0.0000    0.0000    0.0000
 2018  11  13   5  35   0   -1646392.8147    490233.6411  -6121923.3535  -74 25 31.96288  163 25 06.43758     65.2362    0.0000    0.0000    0.0000
 2018  11  13   5  40   0   -1646392.8147    490233.6411  -6121923.3535  -74 25 31.96288  163 25 06.43758     65.2362    0.0000    0.0000    0.0000
 2018  11  13   5  45   0   -1646392.8147    490233.6411  -6121923.3535  -74 25 31.96288  163 25 06.43758     65.2362    0.0000    0.0000    0.0000
 2018  11  13   5  50   0   -1646392.8147    490233.6411  -6121923.3535  -74 25 31.96288  163 25 06.43758     65.2362    0.0000    0.0000    0.0000
 2018  11  13   5  55   0   -1646392.8147    490233.6411  -6121923.3535  -74 25 31.96288  163 25 06.43758     65.2362    0.0000    0.0000    0.0000
 2018  11  13   6   0   0   -1646392.8147    490233.6411  -6121923.3535  -74 25 31.96288  163 25 06.43758     65.2362    0.0000    0.0000    0.0000
 2018  11  13   6   5   0   -1646392.8147    490233.6411  -6121923.3535  -74 25 31.96288  163 25 06.43758     65.2362    0.0000    0.0000    0.0000
 2018  11  13   6  10   0   -1646392.8147    490233.6411  -6121923.3535  -74 25 31.96288  163 25 06.43758     65.2362    0.0000    0.0000    0.0000
 2018  11  13   6  15   0   -1646392.8147    490233.6411  -6121923.3535  -74 25 31.96288  163 25 06.43758     65.2362    0.0000    0.0000    0.0000
 2018  11  13   6  20   0   -1646392.8147    490233.6411  -6121923.3535  -74 25 31.96288  163 25 06.43758     65.2362    0.0000    0.0000    0.0000
 2018  11  13   6  25   0   -1646392.8147    490233.6411  -6121923.3535  -74 25 31.96288  163 25 06.43758     65.2362    0.0000    0.0000    0.0000
 2018  11  13   6  30   0   -1646392.8147    490233.6411  -6121923.3535  -74 25 31.96288  163 25 06.43758     65.2362    0.0000    0.0000    0.0000
 2018  11  13   6  35   0   -1646392.8147    490233.6411  -6121923.3535  -74 25 31.96288  163 25 06.43758     65.2362    0.0000    0.0000    0.0000
 2018  11  13   6  40   0   -1646392.8147    490233.6411  -6121923.3535  -74 25 31.96288  163 25 06.43758     65.2362    0.0000    0.0000    0.0000
 2018  11  13   6  45   0   -1646392.8147    490233.6411  -6121923.3535  -74 25 31.96288  163 25 06.43758     65.2362    0.0000    0.0000    0.0000
 2018  11  13   6  50   0   -1646392.8147    490233.6411  -6121923.3535  -74 25 31.96288  163 25 06.43758     65.2362    0.0000    0.0000    0.0000
 2018  11  13   6  55   0   -1646392.8147    490233.6411  -6121923.3535  -74 25 31.96288  163 25 06.43758     65.2362    0.0000    0.0000    0.0000
 2018  11  13   7   0   0   -1646392.8147    490233.6411  -6121923.3535  -74 25 31.96288  163 25 06.43758     65.2362    0.0000    0.0000    0.0000
 2018  11  13   7   5   0   -1646392.8147    490233.6411  -6121923.3535  -74 25 31.96288  163 25 06.43758     65.2362    0.0000    0.0000    0.0000
 2018  11  13   7  10   0   -1646392.8147    490233.6411  -6121923.3535  -74 25 31.96288  163 25 06.43758     65.2362    0.0000    0.0000    0.0000
 2018  11  13   7  15   0   -1646392.8147    490233.6411  -6121923.3535  -74 25 31.96288  163 25 06.43758     65.2362    0.0000    0.0000    0.0000
 2018  11  13   7  20   0   -1646392.8147    490233.6411  -6121923.3535  -74 25 31.96288  163 25 06.43758     65.2362    0.0000    0.0000    0.0000
 2018  11  13   7  25   0   -1646392.8147    490233.6411  -6121923.3535  -74 25 31.96288  163 25 06.43758     65.2362    0.0000    0.0000    0.0000
 2018  11  13   7  30   0   -1646392.8147    490233.6411  -6121923.3535  -74 25 31.96288  163 25 06.43758     65.2362    0.0000    0.0000    0.0000
 2018  11  13   7  35   0   -1646392.8147    490233.6411  -6121923.3535  -74 25 31.96288  163 25 06.43758     65.2362    0.0000    0.0000    0.0000
 2018  11  13   7  40   0   -1646392.8147    490233.6411  -6121923.3535  -74 25 31.96288  163 25 06.43758     65.2362    0.0000    0.0000    0.0000
 2018  11  13   7  45   0   -1646392.8147    490233.6411  -6121923.3535  -74 25 31.96288  163 25 06.43758     65.2362    0.0000    0.0000    0.0000
 2018  11  13   7  50   0   -1646392.8147    490233.6411  -6121923.3535  -74 25 31.96288  163 25 06.43758     65.2362    0.0000    0.0000    0.0000
 2018  11  13   7  55   0   -1646392.8147    490233.6411  -6121923.3535  -74 25 31.96288  163 25 06.43758     65.2362    0.0000    0.0000    0.0000
 2018  11  13   8   0   0   -1646392.8147    490233.6411  -6121923.3535  -74 25 31.96288  163 25 06.43758     65.2362    0.0000    0.0000    0.0000
 2018  11  13   8   5   0   -1646392.8147    490233.6411  -6121923.3535  -74 25 31.96288  163 25 06.43758     65.2362    0.0000    0.0000    0.0000
 2018  11  13   8  10   0   -1646392.8147    490233.6411  -6121923.3535  -74 25 31.96288  163 25 06.43758     65.2362    0.0000    0.0000    0.0000
 2018  11  13   8  15   0   -1646392.8147    490233.6411  -6121923.3535  -74 25 31.96288  163 25 06.43758     65.2362    0.0000    0.0000    0.0000
 2018  11  13   8  20   0   -1646392.8147    490233.6411  -6121923.3535  -74 25 31.96288  163 25 06.43758     65.2362    0.0000    0.0000    0.0000
 2018  11  13   8  25   0   -1646392.8147    490233.6411  -6121923.3535  -74 25 31.96288  163 25 06.43758     65.2362    0.0000    0.0000    0.0000
 2018  11  13   8  30   0   -1646392.8147    490233.6411  -6121923.3535  -74 25 31.96288  163 25 06.43758     65.2362    0.0000    0.0000    0.0000
 2018  11  13   8  35   0   -1646392.8147    490233.6411  -6121923.3535  -74 25 31.96288  163 25 06.43758     65.2362    0.0000    0.0000    0.0000
 2018  11  13   8  40   0   -1646392.8147    490233.6411  -6121923.3535  -74 25 31.96288  163 25 06.43758     65.2362    0.0000    0.0000    0.0000
 2018  11  13   8  45   0   -1646392.8147    490233.6411  -6121923.3535  -74 25 31.96288  163 25 06.43758     65.2362    0.0000    0.0000    0.0000
 2018  11  13   8  50   0   -1646392.8147    490233.6411  -6121923.3535  -74 25 31.96288  163 25 06.43758     65.2362    0.0000    0.0000    0.0000
 2018  11  13   8  55   0   -1646392.8147    490233.6411  -6121923.3535  -74 25 31.96288  163 25 06.43758     65.2362    0.0000    0.0000    0.0000
 2018  11  13   9   0   0   -1646392.8147    490233.6411  -6121923.3535  -74 25 31.96288  163 25 06.43758     65.2362    0.0000    0.0000    0.0000
 2018  11  13   9   5   0   -1646392.8147    490233.6411  -6121923.3535  -74 25 31.96288  163 25 06.43758     65.2362    0.0000    0.0000    0.0000
 2018  11  13   9  10   0   -1646392.8147    490233.6411  -6121923.3535  -74 25 31.96288  163 25 06.43758     65.2362    0.0000    0.0000    0.0000
 2018  11  13   9  15   0   -1646392.8147    490233.6411  -6121923.3535  -74 25 31.96288  163 25 06.43758     65.2362    0.0000    0.0000    0.0000
 2018  11  13   9  20   0   -1646392.8147    490233.6411  -6121923.3535  -74 25 31.96288  163 25 06.43758     65.2362    0.0000    0.0000    0.0000
 2018  11  13   9  25   0   -1646392.8147    490233.6411  -6121923.3535  -74 25 31.96288  163 25 06.43758     65.2362    0.0000    0.0000    0.0000
 2018  11  13   9  30   0   -1646392.8147    490233.6411  -6121923.3535  -74 25 31.96288  163 25 06.43758     65.2362    0.0000    0.0000    0.0000
 2018  11  13   9  35   0   -1646392.8147    490233.6411  -6121923.3535  -74 25 31.96288  163 25 06.43758     65.2362    0.0000    0.0000    0.0000
 2018  11  13   9  40   0   -1646392.8147    490233.6411  -6121923.3535  -74 25 31.96288  163 25 06.43758     65.2362    0.0000    0.0000    0.0000
 2018  11  13   9  45   0   -1646392.8147    490233.6411  -6121923.3535  -74 25 31.96288  163 25 06.43758     65.2362    0.0000    0.0000    0.0000
 2018  11  13   9  50   0   -1646392.8147    490233.6411  -6121923.3535  -74 25 31.96288  163 25 06.43758     65.2362    0.0000    0.0000    0.0000
 2018  11  13   9  55   0   -1646392.8147    490233.6411  -6121923.3535  -74 25 31.96288  163 25 06.43758     65.2362    0.0000    0.0000    0.0000
 2018  11  13  10   0   0   -1646392.8147    490233.6411  -6121923.3535  -74 25 31.96288  163 25 06.43758     65.2362    0.0000    0.0000    0.0000
 2018  11  13  10   5   0   -1646392.8147    490233.6411  -6121923.3535  -74 25 31.96288  163 25 06.43758     65.2362    0.0000    0.0000    0.0000
 2018  11  13  10  10   0   -1646392.8147    490233.6411  -6121923.3535  -74 25 31.96288  163 25 06.43758     65.2362    0.0000    0.0000    0.0000
 2018  11  13  10  15   0   -1646392.8147    490233.6411  -6121923.3535  -74 25 31.96288  163 25 06.43758     65.2362    0.0000    0.0000    0.0000
 2018  11  13  10  20   0   -1646392.8147    490233.6411  -6121923.3535  -74 25 31.96288  163 25 06.43758     65.2362    0.0000    0.0000    0.0000
 2018  11  13  10  25   0   -1646392.8147    490233.6411  -6121923.3535  -74 25 31.96288  163 25 06.43758     65.2362    0.0000    0.0000    0.0000
 2018  11  13  10  30   0   -1646392.8147    490233.6411  -6121923.3535  -74 25 31.96288  163 25 06.43758     65.2362    0.0000    0.0000    0.0000
 2018  11  13  10  35   0   -1646392.8147    490233.6411  -6121923.3535  -74 25 31.96288  163 25 06.43758     65.2362    0.0000    0.0000    0.0000
 2018  11  13  10  40   0   -1646392.8147    490233.6411  -6121923.3535  -74 25 31.96288  163 25 06.43758     65.2362    0.0000    0.0000    0.0000
 2018  11  13  10  45   0   -1646392.8147    490233.6411  -6121923.3535  -74 25 31.96288  163 25 06.43758     65.2362    0.0000    0.0000    0.0000
 2018  11  13  10  50   0   -1646392.8147    490233.6411  -6121923.3535  -74 25 31.96288  163 25 06.43758     65.2362    0.0000    0.0000    0.0000
 2018  11  13  10  55   0   -1646392.8147    490233.6411  -6121923.3535  -74 25 31.96288  163 25 06.43758     65.2362    0.0000    0.0000    0.0000
 2018  11  13  11   0   0   -1646392.8147    490233.6411  -6121923.3535  -74 25 31.96288  163 25 06.43758     65.2362    0.0000    0.0000    0.0000
 2018  11  13  11   5   0   -1646392.8147    490233.6411  -6121923.3535  -74 25 31.96288  163 25 06.43758     65.2362    0.0000    0.0000    0.0000
 2018  11  13  11  10   0   -1646392.8147    490233.6411  -6121923.3535  -74 25 31.96288  163 25 06.43758     65.2362    0.0000    0.0000    0.0000
 2018  11  13  11  15   0   -1646392.8147    490233.6411  -6121923.3535  -74 25 31.96288  163 25 06.43758     65.2362    0.0000    0.0000    0.0000
 2018  11  13  11  20   0   -1646392.8147    490233.6411  -6121923.3535  -74 25 31.96288  163 25 06.43758     65.2362    0.0000    0.0000    0.0000
 2018  11  13  11  25   0   -1646392.8147    490233.6411  -6121923.3535  -74 25 31.96288  163 25 06.43758     65.2362    0.0000    0.0000    0.0000
 2018  11  13  11  30   0   -1646392.8147    490233.6411  -6121923.3535  -74 25 31.96288  163 25 06.43758     65.2362    0.0000    0.0000    0.0000
 2018  11  13  11  35   0   -1646392.8147    490233.6411  -6121923.3535  -74 25 31.96288  163 25 06.43758     65.2362    0.0000    0.0000    0.0000
 2018  11  13  11  40   0   -1646392.8147    490233.6411  -6121923.3535  -74 25 31.96288  163 25 06.43758     65.2362    0.0000    0.0000    0.0000
 2018  11  13  11  45   0   -1646392.8147    490233.6411  -6121923.3535  -74 25 31.96288  163 25 06.43758     65.2362    0.0000    0.0000    0.0000
 2018  11  13  11  50   0   -1646392.8147    490233.6411  -6121923.3535  -74 25 31.96288  163 25 06.43758     65.2362    0.0000    0.0000    0.0000
 2018  11  13  11  55   0   -1646392.8147    490233.6411  -6121923.3535  -74 25 31.96288  163 25 06.43758     65.2362    0.0000    0.0000    0.0000
 2018  11  13  12   0   0   -1646392.8147    490233.6411  -6121923.3535  -74 25 31.96288  163 25 06.43758     65.2362    0.0000    0.0000    0.0000
 2018  11  13  12   5   0   -1646392.8147    490233.6411  -6121923.3535  -74 25 31.96288  163 25 06.43758     65.2362    0.0000    0.0000    0.0000
 2018  11  13  12  10   0   -1646392.8147    490233.6411  -6121923.3535  -74 25 31.96288  163 25 06.43758     65.2362    0.0000    0.0000    0.0000
 2018  11  13  12  15   0   -1646392.8147    490233.6411  -6121923.3535  -74 25 31.96288  163 25 06.43758     65.2362    0.0000    0.0000    0.0000
 2018  11  13  12  20   0   -1646392.8147    490233.6411  -6121923.3535  -74 25 31.96288  163 25 06.43758     65.2362    0.0000    0.0000    0.0000
 2018  11  13  12  25   0   -1646392.8147    490233.6411  -6121923.3535  -74 25 31.96288  163 25 06.43758     65.2362    0.0000    0.0000    0.0000
 2018  11  13  12  30   0   -1646392.8147    490233.6411  -6121923.3535  -74 25 31.96288  163 25 06.43758     65.2362    0.0000    0.0000    0.0000
 2018  11  13  12  35   0   -1646392.8147    490233.6411  -6121923.3535  -74 25 31.96288  163 25 06.43758     65.2362    0.0000    0.0000    0.0000
 2018  11  13  12  40   0   -1646392.8147    490233.6411  -6121923.3535  -74 25 31.96288  163 25 06.43758     65.2362    0.0000    0.0000    0.0000
 2018  11  13  12  45   0   -1646392.8147    490233.6411  -6121923.3535  -74 25 31.96288  163 25 06.43758     65.2362    0.0000    0.0000    0.0000
 2018  11  13  12  50   0   -1646392.8147    490233.6411  -6121923.3535  -74 25 31.96288  163 25 06.43758     65.2362    0.0000    0.0000    0.0000
 2018  11  13  12  55   0   -1646392.8147    490233.6411  -6121923.3535  -74 25 31.96288  163 25 06.43758     65.2362    0.0000    0.0000    0.0000
 2018  11  13  13   0   0   -1646392.8147    490233.6411  -6121923.3535  -74 25 31.96288  163 25 06.43758     65.2362    0.0000    0.0000    0.0000
 2018  11  13  13   5   0   -1646392.8147    490233.6411  -6121923.3535  -74 25 31.96288  163 25 06.43758     65.2362    0.0000    0.0000    0.0000
 2018  11  13  13  10   0   -1646392.8147    490233.6411  -6121923.3535  -74 25 31.96288  163 25 06.43758     65.2362    0.0000    0.0000    0.0000
 2018  11  13  13  15   0   -1646392.8147    490233.6411  -6121923.3535  -74 25 31.96288  163 25 06.43758     65.2362    0.0000    0.0000    0.0000
 2018  11  13  13  20   0   -1646392.8147    490233.6411  -6121923.3535  -74 25 31.96288  163 25 06.43758     65.2362    0.0000    0.0000    0.0000
 2018  11  13  13  25   0   -1646392.8147    490233.6411  -6121923.3535  -74 25 31.96288  163 25 06.43758     65.2362    0.0000    0.0000    0.0000
 2018  11  13  13  30   0   -1646392.8147    490233.6411  -6121923.3535  -74 25 31.96288  163 25 06.43758     65.2362    0.0000    0.0000    0.0000
 2018  11  13  13  35   0   -1646392.8147    490233.6411  -6121923.3535  -74 25 31.96288  163 25 06.43758     65.2362    0.0000    0.0000    0.0000
 2018  11  13  13  40   0   -1646392.8147    490233.6411  -6121923.3535  -74 25 31.96288  163 25 06.43758     65.2362    0.0000    0.0000    0.0000
 2018  11  13  13  45   0   -1646392.8147    490233.6411  -6121923.3535  -74 25 31.96288  163 25 06.43758     65.2362    0.0000    0.0000    0.0000
 2018  11  13  13  50   0   -1646392.8147    490233.6411  -6121923.3535  -74 25 31.96288  163 25 06.43758     65.2362    0.0000    0.0000    0.0000
 2018  11  13  13  55   0   -1646392.8147    490233.6411  -6121923.3535  -74 25 31.96288  163 25 06.43758     65.2362    0.0000    0.0000    0.0000
 2018  11  13  14   0   0   -1646392.8147    490233.6411  -6121923.3535  -74 25 31.96288  163 25 06.43758     65.2362    0.0000    0.0000    0.0000
 2018  11  13  14   5   0   -1646392.8147    490233.6411  -6121923.3535  -74 25 31.96288  163 25 06.43758     65.2362    0.0000    0.0000    0.0000
 2018  11  13  14  10   0   -1646392.8147    490233.6411  -6121923.3535  -74 25 31.96288  163 25 06.43758     65.2362    0.0000    0.0000    0.0000
 2018  11  13  14  15   0   -1646392.8147    490233.6411  -6121923.3535  -74 25 31.96288  163 25 06.43758     65.2362    0.0000    0.0000    0.0000
 2018  11  13  14  20   0   -1646392.8147    490233.6411  -6121923.3535  -74 25 31.96288  163 25 06.43758     65.2362    0.0000    0.0000    0.0000
 2018  11  13  14  25   0   -1646392.8147    490233.6411  -6121923.3535  -74 25 31.96288  163 25 06.43758     65.2362    0.0000    0.0000    0.0000
 2018  11  13  14  30   0   -1646392.8147    490233.6411  -6121923.3535  -74 25 31.96288  163 25 06.43758     65.2362    0.0000    0.0000    0.0000
 2018  11  13  14  35   0   -1646392.8147    490233.6411  -6121923.3535  -74 25 31.96288  163 25 06.43758     65.2362    0.0000    0.0000    0.0000
 2018  11  13  14  40   0   -1646392.8147    490233.6411  -6121923.3535  -74 25 31.96288  163 25 06.43758     65.2362    0.0000    0.0000    0.0000
 2018  11  13  14  45   0   -1646392.8147    490233.6411  -6121923.3535  -74 25 31.96288  163 25 06.43758     65.2362    0.0000    0.0000    0.0000
 2018  11  13  14  50   0   -1646392.8147    490233.6411  -6121923.3535  -74 25 31.96288  163 25 06.43758     65.2362    0.0000    0.0000    0.0000
 2018  11  13  14  55   0   -1646392.8147    490233.6411  -6121923.3535  -74 25 31.96288  163 25 06.43758     65.2362    0.0000    0.0000    0.0000
 2018  11  13  15   0   0   -1646392.8147    490233.6411  -6121923.3535  -74 25 31.96288  163 25 06.43758     65.2362    0.0000    0.0000    0.0000
 2018  11  13  15   5   0   -1646392.8147    490233.6411  -6121923.3535  -74 25 31.96288  163 25 06.43758     65.2362    0.0000    0.0000    0.0000
 2018  11  13  15  10   0   -1646392.8147    490233.6411  -6121923.3535  -74 25 31.96288  163 25 06.43758     65.2362    0.0000    0.0000    0.0000
 2018  11  13  15  15   0   -1646392.8147    490233.6411  -6121923.3535  -74 25 31.96288  163 25 06.43758     65.2362    0.0000    0.0000    0.0000
 2018  11  13  15  20   0   -1646392.8147    490233.6411  -6121923.3535  -74 25 31.96288  163 25 06.43758     65.2362    0.0000    0.0000    0.0000
 2018  11  13  15  25   0   -1646392.8147    490233.6411  -6121923.3535  -74 25 31.96288  163 25 06.43758     65.2362    0.0000    0.0000    0.0000
 2018  11  13  15  30   0   -1646392.8147    490233.6411  -6121923.3535  -74 25 31.96288  163 25 06.43758     65.2362    0.0000    0.0000    0.0000
 2018  11  13  15  35   0   -1646392.8147    490233.6411  -6121923.3535  -74 25 31.96288  163 25 06.43758     65.2362    0.0000    0.0000    0.0000
 2018  11  13  15  40   0   -1646392.8147    490233.6411  -6121923.3535  -74 25 31.96288  163 25 06.43758     65.2362    0.0000    0.0000    0.0000
 2018  11  13  15  45   0   -1646392.8147    490233.6411  -6121923.3535  -74 25 31.96288  163 25 06.43758     65.2362    0.0000    0.0000    0.0000
 2018  11  13  15  50   0   -1646392.8147    490233.6411  -6121923.3535  -74 25 31.96288  163 25 06.43758     65.2362    0.0000    0.0000    0.0000
 2018  11  13  15  55   0   -1646392.8147    490233.6411  -6121923.3535  -74 25 31.96288  163 25 06.43758     65.2362    0.0000    0.0000    0.0000
 2018  11  13  16   0   0   -1646392.8147    490233.6411  -6121923.3535  -74 25 31.96288  163 25 06.43758     65.2362    0.0000    0.0000    0.0000
 2018  11  13  16   5   0   -1646392.8147    490233.6411  -6121923.3535  -74 25 31.96288  163 25 06.43758     65.2362    0.0000    0.0000    0.0000
 2018  11  13  16  10   0   -1646392.8147    490233.6411  -6121923.3535  -74 25 31.96288  163 25 06.43758     65.2362    0.0000    0.0000    0.0000
 2018  11  13  16  15   0   -1646392.8147    490233.6411  -6121923.3535  -74 25 31.96288  163 25 06.43758     65.2362    0.0000    0.0000    0.0000
 2018  11  13  16  20   0   -1646392.8147    490233.6411  -6121923.3535  -74 25 31.96288  163 25 06.43758     65.2362    0.0000    0.0000    0.0000
 2018  11  13  16  25   0   -1646392.8147    490233.6411  -6121923.3535  -74 25 31.96288  163 25 06.43758     65.2362    0.0000    0.0000    0.0000
 2018  11  13  16  30   0   -1646392.8147    490233.6411  -6121923.3535  -74 25 31.96288  163 25 06.43758     65.2362    0.0000    0.0000    0.0000
 2018  11  13  16  35   0   -1646392.8147    490233.6411  -6121923.3535  -74 25 31.96288  163 25 06.43758     65.2362    0.0000    0.0000    0.0000
 2018  11  13  16  40   0   -1646392.8147    490233.6411  -6121923.3535  -74 25 31.96288  163 25 06.43758     65.2362    0.0000    0.0000    0.0000
 2018  11  13  16  45   0   -1646392.8147    490233.6411  -6121923.3535  -74 25 31.96288  163 25 06.43758     65.2362    0.0000    0.0000    0.0000
 2018  11  13  16  50   0   -1646392.8147    490233.6411  -6121923.3535  -74 25 31.96288  163 25 06.43758     65.2362    0.0000    0.0000    0.0000
 2018  11  13  16  55   0   -1646392.8147    490233.6411  -6121923.3535  -74 25 31.96288  163 25 06.43758     65.2362    0.0000    0.0000    0.0000
 2018  11  13  17   0   0   -1646392.8147    490233.6411  -6121923.3535  -74 25 31.96288  163 25 06.43758     65.2362    0.0000    0.0000    0.0000
 2018  11  13  17   5   0   -1646392.8147    490233.6411  -6121923.3535  -74 25 31.96288  163 25 06.43758     65.2362    0.0000    0.0000    0.0000
 2018  11  13  17  10   0   -1646392.8147    490233.6411  -6121923.3535  -74 25 31.96288  163 25 06.43758     65.2362    0.0000    0.0000    0.0000
 2018  11  13  17  15   0   -1646392.8147    490233.6411  -6121923.3535  -74 25 31.96288  163 25 06.43758     65.2362    0.0000    0.0000    0.0000
 2018  11  13  17  20   0   -1646392.8147    490233.6411  -6121923.3535  -74 25 31.96288  163 25 06.43758     65.2362    0.0000    0.0000    0.0000
 2018  11  13  17  25   0   -1646392.8147    490233.6411  -6121923.3535  -74 25 31.96288  163 25 06.43758     65.2362    0.0000    0.0000    0.0000
 2018  11  13  17  30   0   -1646392.8147    490233.6411  -6121923.3535  -74 25 31.96288  163 25 06.43758     65.2362    0.0000    0.0000    0.0000
 2018  11  13  17  35   0   -1646392.8147    490233.6411  -6121923.3535  -74 25 31.96288  163 25 06.43758     65.2362    0.0000    0.0000    0.0000
 2018  11  13  17  40   0   -1646392.8147    490233.6411  -6121923.3535  -74 25 31.96288  163 25 06.43758     65.2362    0.0000    0.0000    0.0000
 2018  11  13  17  45   0   -1646392.8147    490233.6411  -6121923.3535  -74 25 31.96288  163 25 06.43758     65.2362    0.0000    0.0000    0.0000
 2018  11  13  17  50   0   -1646392.8147    490233.6411  -6121923.3535  -74 25 31.96288  163 25 06.43758     65.2362    0.0000    0.0000    0.0000
 2018  11  13  17  55   0   -1646392.8147    490233.6411  -6121923.3535  -74 25 31.96288  163 25 06.43758     65.2362    0.0000    0.0000    0.0000
 2018  11  13  18   0   0   -1646392.8147    490233.6411  -6121923.3535  -74 25 31.96288  163 25 06.43758     65.2362    0.0000    0.0000    0.0000
 2018  11  13  18   5   0   -1646392.8147    490233.6411  -6121923.3535  -74 25 31.96288  163 25 06.43758     65.2362    0.0000    0.0000    0.0000
 2018  11  13  18  10   0   -1646392.8147    490233.6411  -6121923.3535  -74 25 31.96288  163 25 06.43758     65.2362    0.0000    0.0000    0.0000
 2018  11  13  18  15   0   -1646392.8147    490233.6411  -6121923.3535  -74 25 31.96288  163 25 06.43758     65.2362    0.0000    0.0000    0.0000
 2018  11  13  18  20   0   -1646392.8147    490233.6411  -6121923.3535  -74 25 31.96288  163 25 06.43758     65.2362    0.0000    0.0000    0.0000
 2018  11  13  18  25   0   -1646392.8147    490233.6411  -6121923.3535  -74 25 31.96288  163 25 06.43758     65.2362    0.0000    0.0000    0.0000
 2018  11  13  18  30   0   -1646392.8147    490233.6411  -6121923.3535  -74 25 31.96288  163 25 06.43758     65.2362    0.0000    0.0000    0.0000
 2018  11  13  18  35   0   -1646392.8147    490233.6411  -6121923.3535  -74 25 31.96288  163 25 06.43758     65.2362    0.0000    0.0000    0.0000
 2018  11  13  18  40   0   -1646392.8147    490233.6411  -6121923.3535  -74 25 31.96288  163 25 06.43758     65.2362    0.0000    0.0000    0.0000
 2018  11  13  18  45   0   -1646392.8147    490233.6411  -6121923.3535  -74 25 31.96288  163 25 06.43758     65.2362    0.0000    0.0000    0.0000
 2018  11  13  18  50   0   -1646392.8147    490233.6411  -6121923.3535  -74 25 31.96288  163 25 06.43758     65.2362    0.0000    0.0000    0.0000
 2018  11  13  18  55   0   -1646392.8147    490233.6411  -6121923.3535  -74 25 31.96288  163 25 06.43758     65.2362    0.0000    0.0000    0.0000
 2018  11  13  19   0   0   -1646392.8147    490233.6411  -6121923.3535  -74 25 31.96288  163 25 06.43758     65.2362    0.0000    0.0000    0.0000
 2018  11  13  19   5   0   -1646392.8147    490233.6411  -6121923.3535  -74 25 31.96288  163 25 06.43758     65.2362    0.0000    0.0000    0.0000
 2018  11  13  19  10   0   -1646392.8147    490233.6411  -6121923.3535  -74 25 31.96288  163 25 06.43758     65.2362    0.0000    0.0000    0.0000
 2018  11  13  19  15   0   -1646392.8147    490233.6411  -6121923.3535  -74 25 31.96288  163 25 06.43758     65.2362    0.0000    0.0000    0.0000
 2018  11  13  19  20   0   -1646392.8147    490233.6411  -6121923.3535  -74 25 31.96288  163 25 06.43758     65.2362    0.0000    0.0000    0.0000
 2018  11  13  19  25   0   -1646392.8147    490233.6411  -6121923.3535  -74 25 31.96288  163 25 06.43758     65.2362    0.0000    0.0000    0.0000
 2018  11  13  19  30   0   -1646392.8147    490233.6411  -6121923.3535  -74 25 31.96288  163 25 06.43758     65.2362    0.0000    0.0000    0.0000
 2018  11  13  19  35   0   -1646392.8147    490233.6411  -6121923.3535  -74 25 31.96288  163 25 06.43758     65.2362    0.0000    0.0000    0.0000
 2018  11  13  19  40   0   -1646392.8147    490233.6411  -6121923.3535  -74 25 31.96288  163 25 06.43758     65.2362    0.0000    0.0000    0.0000
 2018  11  13  19  45   0   -1646392.8147    490233.6411  -6121923.3535  -74 25 31.96288  163 25 06.43758     65.2362    0.0000    0.0000    0.0000
 2018  11  13  19  50   0   -1646392.8147    490233.6411  -6121923.3535  -74 25 31.96288  163 25 06.43758     65.2362    0.0000    0.0000    0.0000
 2018  11  13  19  55   0   -1646392.8147    490233.6411  -6121923.3535  -74 25 31.96288  163 25 06.43758     65.2362    0.0000    0.0000    0.0000
 2018  11  13  20   0   0   -1646392.8147    490233.6411  -6121923.3535  -74 25 31.96288  163 25 06.43758     65.2362    0.0000    0.0000    0.0000
 2018  11  13  20   5   0   -1646392.8147    490233.6411  -6121923.3535  -74 25 31.96288  163 25 06.43758     65.2362    0.0000    0.0000    0.0000
 2018  11  13  20  10   0   -1646392.8147    490233.6411  -6121923.3535  -74 25 31.96288  163 25 06.43758     65.2362    0.0000    0.0000    0.0000
 2018  11  13  20  15   0   -1646392.8147    490233.6411  -6121923.3535  -74 25 31.96288  163 25 06.43758     65.2362    0.0000    0.0000    0.0000
 2018  11  13  20  20   0   -1646392.8147    490233.6411  -6121923.3535  -74 25 31.96288  163 25 06.43758     65.2362    0.0000    0.0000    0.0000
 2018  11  13  20  25   0   -1646392.8147    490233.6411  -6121923.3535  -74 25 31.96288  163 25 06.43758     65.2362    0.0000    0.0000    0.0000
 2018  11  13  20  30   0   -1646392.8147    490233.6411  -6121923.3535  -74 25 31.96288  163 25 06.43758     65.2362    0.0000    0.0000    0.0000
 2018  11  13  20  35   0   -1646392.8147    490233.6411  -6121923.3535  -74 25 31.96288  163 25 06.43758     65.2362    0.0000    0.0000    0.0000
 2018  11  13  20  40   0   -1646392.8147    490233.6411  -6121923.3535  -74 25 31.96288  163 25 06.43758     65.2362    0.0000    0.0000    0.0000
 2018  11  13  20  45   0   -1646392.8147    490233.6411  -6121923.3535  -74 25 31.96288  163 25 06.43758     65.2362    0.0000    0.0000    0.0000
 2018  11  13  20  50   0   -1646392.8147    490233.6411  -6121923.3535  -74 25 31.96288  163 25 06.43758     65.2362    0.0000    0.0000    0.0000
 2018  11  13  20  55   0   -1646392.8147    490233.6411  -6121923.3535  -74 25 31.96288  163 25 06.43758     65.2362    0.0000    0.0000    0.0000
 2018  11  13  21   0   0   -1646392.8147    490233.6411  -6121923.3535  -74 25 31.96288  163 25 06.43758     65.2362    0.0000    0.0000    0.0000
 2018  11  13  21   5   0   -1646392.8147    490233.6411  -6121923.3535  -74 25 31.96288  163 25 06.43758     65.2362    0.0000    0.0000    0.0000
 2018  11  13  21  10   0   -1646392.8147    490233.6411  -6121923.3535  -74 25 31.96288  163 25 06.43758     65.2362    0.0000    0.0000    0.0000
 2018  11  13  21  15   0   -1646392.8147    490233.6411  -6121923.3535  -74 25 31.96288  163 25 06.43758     65.2362    0.0000    0.0000    0.0000
 2018  11  13  21  20   0   -1646392.8147    490233.6411  -6121923.3535  -74 25 31.96288  163 25 06.43758     65.2362    0.0000    0.0000    0.0000
 2018  11  13  21  25   0   -1646392.8147    490233.6411  -6121923.3535  -74 25 31.96288  163 25 06.43758     65.2362    0.0000    0.0000    0.0000
 2018  11  13  21  30   0   -1646392.8147    490233.6411  -6121923.3535  -74 25 31.96288  163 25 06.43758     65.2362    0.0000    0.0000    0.0000
 2018  11  13  21  35   0   -1646392.8147    490233.6411  -6121923.3535  -74 25 31.96288  163 25 06.43758     65.2362    0.0000    0.0000    0.0000
 2018  11  13  21  40   0   -1646392.8147    490233.6411  -6121923.3535  -74 25 31.96288  163 25 06.43758     65.2362    0.0000    0.0000    0.0000
 2018  11  13  21  45   0   -1646392.8147    490233.6411  -6121923.3535  -74 25 31.96288  163 25 06.43758     65.2362    0.0000    0.0000    0.0000
 2018  11  13  21  50   0   -1646392.8147    490233.6411  -6121923.3535  -74 25 31.96288  163 25 06.43758     65.2362    0.0000    0.0000    0.0000
 2018  11  13  21  55   0   -1646392.8147    490233.6411  -6121923.3535  -74 25 31.96288  163 25 06.43758     65.2362    0.0000    0.0000    0.0000
 2018  11  13  22   0   0   -1646392.8147    490233.6411  -6121923.3535  -74 25 31.96288  163 25 06.43758     65.2362    0.0000    0.0000    0.0000
 2018  11  13  22   5   0   -1646392.8147    490233.6411  -6121923.3535  -74 25 31.96288  163 25 06.43758     65.2362    0.0000    0.0000    0.0000
 2018  11  13  22  10   0   -1646392.8147    490233.6411  -6121923.3535  -74 25 31.96288  163 25 06.43758     65.2362    0.0000    0.0000    0.0000
 2018  11  13  22  15   0   -1646392.8147    490233.6411  -6121923.3535  -74 25 31.96288  163 25 06.43758     65.2362    0.0000    0.0000    0.0000
 2018  11  13  22  20   0   -1646392.8147    490233.6411  -6121923.3535  -74 25 31.96288  163 25 06.43758     65.2362    0.0000    0.0000    0.0000
 2018  11  13  22  25   0   -1646392.8147    490233.6411  -6121923.3535  -74 25 31.96288  163 25 06.43758     65.2362    0.0000    0.0000    0.0000
 2018  11  13  22  30   0   -1646392.8147    490233.6411  -6121923.3535  -74 25 31.96288  163 25 06.43758     65.2362    0.0000    0.0000    0.0000
 2018  11  13  22  35   0   -1646392.8147    490233.6411  -6121923.3535  -74 25 31.96288  163 25 06.43758     65.2362    0.0000    0.0000    0.0000
 2018  11  13  22  40   0   -1646392.8147    490233.6411  -6121923.3535  -74 25 31.96288  163 25 06.43758     65.2362    0.0000    0.0000    0.0000
 2018  11  13  22  45   0   -1646392.8147    490233.6411  -6121923.3535  -74 25 31.96288  163 25 06.43758     65.2362    0.0000    0.0000    0.0000
 2018  11  13  22  50   0   -1646392.8147    490233.6411  -6121923.3535  -74 25 31.96288  163 25 06.43758     65.2362    0.0000    0.0000    0.0000
 2018  11  13  22  55   0   -1646392.8147    490233.6411  -6121923.3535  -74 25 31.96288  163 25 06.43758     65.2362    0.0000    0.0000    0.0000
 2018  11  13  23   0   0   -1646392.8147    490233.6411  -6121923.3535  -74 25 31.96288  163 25 06.43758     65.2362    0.0000    0.0000    0.0000
 2018  11  13  23   5   0   -1646392.8147    490233.6411  -6121923.3535  -74 25 31.96288  163 25 06.43758     65.2362    0.0000    0.0000    0.0000
 2018  11  13  23  10   0   -1646392.8147    490233.6411  -6121923.3535  -74 25 31.96288  163 25 06.43758     65.2362    0.0000    0.0000    0.0000
 2018  11  13  23  15   0   -1646392.8147    490233.6411  -6121923.3535  -74 25 31.96288  163 25 06.43758     65.2362    0.0000    0.0000    0.0000
 2018  11  13  23  20   0   -1646392.8147    490233.6411  -6121923.3535  -74 25 31.96288  163 25 06.43758     65.2362    0.0000    0.0000    0.0000
 2018  11  13  23  25   0   -1646392.8147    490233.6411  -6121923.3535  -74 25 31.96288  163 25 06.43758     65.2362    0.0000    0.0000    0.0000
 2018  11  13  23  30   0   -1646392.8147    490233.6411  -6121923.3535  -74 25 31.96288  163 25 06.43758     65.2362    0.0000    0.0000    0.0000
 2018  11  13  23  35   0   -1646392.8147    490233.6411  -6121923.3535  -74 25 31.96288  163 25 06.43758     65.2362    0.0000    0.0000    0.0000
 2018  11  13  23  40   0   -1646392.8147    490233.6411  -6121923.3535  -74 25 31.96288  163 25 06.43758     65.2362    0.0000    0.0000    0.0000
 2018  11  13  23  45   0   -1646392.8147    490233.6411  -6121923.3535  -74 25 31.96288  163 25 06.43758     65.2362    0.0000    0.0000    0.0000
 2018  11  13  23  50   0   -1646392.8147    490233.6411  -6121923.3535  -74 25 31.96288  163 25 06.43758     65.2362    0.0000    0.0000    0.0000
 2018  11  13  23  55   0   -1646392.8147    490233.6411  -6121923.3535  -74 25 31.96288  163 25 06.43758     65.2362    0.0000    0.0000    0.0000
 2018  11  14   0   0   0   -1646392.8147    490233.6411  -6121923.3535  -74 25 31.96288  163 25 06.43758     65.2362    0.0000    0.0000    0.0000
